params,time,steps,reward_mean,reward_median,reward_min,reward_max,reward_std
"{""alpha"": 0.1, ""q_init"": ""random"", ""epsilon"": 0.1, ""epsilon_decay"": 0.0001, ""discount_factor"": 0.0}",9.345789629629735,100,-1.0,-1.0,-1.0,-1.0,0.0
"{""alpha"": 0.1, ""q_init"": ""random"", ""epsilon"": 0.1, ""epsilon_decay"": 0.0001, ""discount_factor"": 0.1}",6.655434271604918,100,2.1646666666666663,-1.0,-1.0,5.733333333333333,3.3606012028273224
"{""alpha"": 0.1, ""q_init"": ""random"", ""epsilon"": 0.1, ""epsilon_decay"": 0.0001, ""discount_factor"": 0.2}",3.7302119506173312,100,5.353098039215688,5.733333333333333,4.9411764705882355,5.733333333333333,0.39576144178085526
"{""alpha"": 0.1, ""q_init"": ""random"", ""epsilon"": 0.1, ""epsilon_decay"": 0.0001, ""discount_factor"": 0.3}",3.599542123457013,100,2.0973333333333333,-1.0,-1.0,5.733333333333333,3.355876040618902
"{""alpha"": 0.1, ""q_init"": ""random"", ""epsilon"": 0.1, ""epsilon_decay"": 0.0001, ""discount_factor"": 0.4}",3.6073224691356245,100,2.2319999999999993,-1.0,-1.0,5.733333333333333,3.3639722551372704
"{""alpha"": 0.1, ""q_init"": ""random"", ""epsilon"": 0.1, ""epsilon_decay"": 0.0001, ""discount_factor"": 0.5}",3.509429728395162,100,2.905333333333333,5.733333333333333,-1.0,5.733333333333333,3.3232939482788253
"{""alpha"": 0.1, ""q_init"": ""random"", ""epsilon"": 0.1, ""epsilon_decay"": 0.0001, ""discount_factor"": 0.6}",3.638349827160482,100,2.905333333333334,5.733333333333333,-1.0,5.733333333333333,3.3232939482788253
"{""alpha"": 0.1, ""q_init"": ""random"", ""epsilon"": 0.1, ""epsilon_decay"": 0.0001, ""discount_factor"": 0.7}",3.7149759999999787,100,2.0973333333333333,-1.0,-1.0,5.733333333333333,3.3558760406189014
"{""alpha"": 0.1, ""q_init"": ""random"", ""epsilon"": 0.1, ""epsilon_decay"": 0.0001, ""discount_factor"": 0.8}",3.2790637037037413,100,3.1073333333333335,5.733333333333333,-1.0,5.733333333333333,3.2841829019306052
"{""alpha"": 0.1, ""q_init"": ""random"", ""epsilon"": 0.1, ""epsilon_decay"": 0.0001, ""discount_factor"": 0.9}",3.2025177283951507,100,2.4339999999999997,5.733333333333333,-1.0,5.733333333333333,3.3659932659865297
"{""alpha"": 0.1, ""q_init"": ""random"", ""epsilon"": 0.3, ""epsilon_decay"": 0.0001, ""discount_factor"": 0.0}",8.419140345679125,100,-1.0,-1.0,-1.0,-1.0,0.0
"{""alpha"": 0.1, ""q_init"": ""random"", ""epsilon"": 0.3, ""epsilon_decay"": 0.0001, ""discount_factor"": 0.1}",4.514281086419942,100,2.4339999999999997,5.733333333333333,-1.0,5.733333333333333,3.3659932659865297
"{""alpha"": 0.1, ""q_init"": ""random"", ""epsilon"": 0.3, ""epsilon_decay"": 0.0001, ""discount_factor"": 0.2}",4.150563950617425,100,1.8279999999999998,-1.0,-1.0,5.733333333333333,3.3232939482788257
"{""alpha"": 0.1, ""q_init"": ""random"", ""epsilon"": 0.3, ""epsilon_decay"": 0.0001, ""discount_factor"": 0.3}",3.988764839506075,100,1.9626666666666663,-1.0,-1.0,5.733333333333333,3.342338768653537
"{""alpha"": 0.1, ""q_init"": ""random"", ""epsilon"": 0.3, ""epsilon_decay"": 0.0001, ""discount_factor"": 0.4}",3.221732345679129,100,5.345176470588236,5.733333333333333,4.9411764705882355,5.733333333333333,0.3959992077631211
"{""alpha"": 0.1, ""q_init"": ""random"", ""epsilon"": 0.3, ""epsilon_decay"": 0.0001, ""discount_factor"": 0.5}",3.4824825679011155,100,2.299333333333333,-1.0,-1.0,5.733333333333333,3.3659932659865293
"{""alpha"": 0.1, ""q_init"": ""random"", ""epsilon"": 0.3, ""epsilon_decay"": 0.0001, ""discount_factor"": 0.6}",3.312819753086387,100,2.8380000000000005,5.733333333333333,-1.0,5.733333333333333,3.3335100619817144
"{""alpha"": 0.1, ""q_init"": ""random"", ""epsilon"": 0.3, ""epsilon_decay"": 0.0001, ""discount_factor"": 0.7}",3.627767308641978,100,1.9626666666666663,-1.0,-1.0,5.733333333333333,3.342338768653537
"{""alpha"": 0.1, ""q_init"": ""random"", ""epsilon"": 0.3, ""epsilon_decay"": 0.0001, ""discount_factor"": 0.8}",3.4839557530865477,100,2.568666666666666,5.733333333333333,-1.0,5.733333333333333,3.360601202827322
"{""alpha"": 0.1, ""q_init"": ""random"", ""epsilon"": 0.3, ""epsilon_decay"": 0.0001, ""discount_factor"": 0.9}",3.4144679506171087,100,2.636,5.733333333333333,-1.0,5.733333333333333,3.355876040618902
"{""alpha"": 0.1, ""q_init"": ""random"", ""epsilon"": 0.5, ""epsilon_decay"": 0.0001, ""discount_factor"": 0.0}",8.792048592592437,100,-1.0,-1.0,-1.0,-1.0,0.0
"{""alpha"": 0.1, ""q_init"": ""random"", ""epsilon"": 0.5, ""epsilon_decay"": 0.0001, ""discount_factor"": 0.1}",4.295270716049345,100,2.568666666666666,5.733333333333333,-1.0,5.733333333333333,3.3606012028273224
"{""alpha"": 0.1, ""q_init"": ""random"", ""epsilon"": 0.5, ""epsilon_decay"": 0.0001, ""discount_factor"": 0.2}",3.706773333333331,100,2.770666666666667,5.733333333333333,-1.0,5.733333333333333,3.3423387686535375
"{""alpha"": 0.1, ""q_init"": ""random"", ""epsilon"": 0.5, ""epsilon_decay"": 0.0001, ""discount_factor"": 0.3}",3.781598419753209,100,2.4339999999999993,5.733333333333333,-1.0,5.733333333333333,3.36599326598653
"{""alpha"": 0.1, ""q_init"": ""random"", ""epsilon"": 0.5, ""epsilon_decay"": 0.0001, ""discount_factor"": 0.4}",3.759058172839559,100,1.9626666666666663,-1.0,-1.0,5.733333333333333,3.3423387686535375
"{""alpha"": 0.1, ""q_init"": ""random"", ""epsilon"": 0.5, ""epsilon_decay"": 0.0001, ""discount_factor"": 0.5}",3.5560114567899745,100,2.4339999999999997,5.733333333333333,-1.0,5.733333333333333,3.3659932659865297
"{""alpha"": 0.1, ""q_init"": ""random"", ""epsilon"": 0.5, ""epsilon_decay"": 0.0001, ""discount_factor"": 0.6}",3.9617754074074583,100,2.4339999999999997,5.733333333333333,-1.0,5.733333333333333,3.3659932659865297
"{""alpha"": 0.1, ""q_init"": ""random"", ""epsilon"": 0.5, ""epsilon_decay"": 0.0001, ""discount_factor"": 0.7}",3.6432217283950195,100,2.299333333333333,-1.0,-1.0,5.733333333333333,3.3659932659865293
"{""alpha"": 0.1, ""q_init"": ""random"", ""epsilon"": 0.5, ""epsilon_decay"": 0.0001, ""discount_factor"": 0.8}",3.8228989629631087,100,1.9626666666666666,-1.0,-1.0,5.733333333333333,3.3423387686535375
"{""alpha"": 0.1, ""q_init"": ""random"", ""epsilon"": 0.5, ""epsilon_decay"": 0.0001, ""discount_factor"": 0.9}",3.71941056790115,100,2.1646666666666663,-1.0,-1.0,5.733333333333333,3.360601202827322
"{""alpha"": 0.1, ""q_init"": 0, ""epsilon"": 0.1, ""epsilon_decay"": 0.0001, ""discount_factor"": 0.0}",34.28089007407402,100,-1.0,-1.0,-1.0,-1.0,0.0
"{""alpha"": 0.1, ""q_init"": 0, ""epsilon"": 0.1, ""epsilon_decay"": 0.0001, ""discount_factor"": 0.1}",6.495100839505994,100,2.905333333333333,5.733333333333333,-1.0,5.733333333333333,3.3232939482788253
"{""alpha"": 0.1, ""q_init"": 0, ""epsilon"": 0.1, ""epsilon_decay"": 0.0001, ""discount_factor"": 0.2}",3.6030467160492208,100,5.337254901960786,5.337254901960785,4.9411764705882355,5.733333333333333,0.39607843137254894
"{""alpha"": 0.1, ""q_init"": 0, ""epsilon"": 0.1, ""epsilon_decay"": 0.0001, ""discount_factor"": 0.3}",3.4633347160495305,100,2.905333333333334,5.733333333333333,-1.0,5.733333333333333,3.3232939482788253
"{""alpha"": 0.1, ""q_init"": 0, ""epsilon"": 0.1, ""epsilon_decay"": 0.0001, ""discount_factor"": 0.4}",3.372067160493998,100,2.770666666666667,5.733333333333333,-1.0,5.733333333333333,3.342338768653538
"{""alpha"": 0.1, ""q_init"": 0, ""epsilon"": 0.1, ""epsilon_decay"": 0.0001, ""discount_factor"": 0.5}",3.308564938271502,100,2.4339999999999993,5.733333333333333,-1.0,5.733333333333333,3.3659932659865297
"{""alpha"": 0.1, ""q_init"": 0, ""epsilon"": 0.1, ""epsilon_decay"": 0.0001, ""discount_factor"": 0.6}",3.261255111111268,100,2.5686666666666667,5.733333333333333,-1.0,5.733333333333333,3.3606012028273224
"{""alpha"": 0.1, ""q_init"": 0, ""epsilon"": 0.1, ""epsilon_decay"": 0.0001, ""discount_factor"": 0.7}",3.35403693827152,100,2.8380000000000005,5.733333333333333,-1.0,5.733333333333333,3.3335100619817144
"{""alpha"": 0.1, ""q_init"": 0, ""epsilon"": 0.1, ""epsilon_decay"": 0.0001, ""discount_factor"": 0.8}",3.047728987654409,100,2.2993333333333332,-1.0,-1.0,5.733333333333333,3.36599326598653
"{""alpha"": 0.1, ""q_init"": 0, ""epsilon"": 0.1, ""epsilon_decay"": 0.0001, ""discount_factor"": 0.9}",2.889967802469073,100,2.636,5.733333333333333,-1.0,5.733333333333333,3.355876040618902
"{""alpha"": 0.1, ""q_init"": 0, ""epsilon"": 0.3, ""epsilon_decay"": 0.0001, ""discount_factor"": 0.0}",31.591433876543306,100,-1.0,-1.0,-1.0,-1.0,0.0
"{""alpha"": 0.1, ""q_init"": 0, ""epsilon"": 0.3, ""epsilon_decay"": 0.0001, ""discount_factor"": 0.1}",3.949240098765131,100,2.2319999999999998,-1.0,-1.0,5.733333333333333,3.3639722551372704
"{""alpha"": 0.1, ""q_init"": 0, ""epsilon"": 0.3, ""epsilon_decay"": 0.0001, ""discount_factor"": 0.2}",3.5058812839506572,100,1.6259999999999997,-1.0,-1.0,5.733333333333333,3.2841829019306052
"{""alpha"": 0.1, ""q_init"": 0, ""epsilon"": 0.3, ""epsilon_decay"": 0.0001, ""discount_factor"": 0.3}",2.9704798024690717,100,5.313490196078432,4.9411764705882355,4.9411764705882355,5.733333333333333,0.39536484739144956
"{""alpha"": 0.1, ""q_init"": 0, ""epsilon"": 0.3, ""epsilon_decay"": 0.0001, ""discount_factor"": 0.4}",3.2146089876541737,100,1.9626666666666666,-1.0,-1.0,5.733333333333333,3.3423387686535375
"{""alpha"": 0.1, ""q_init"": 0, ""epsilon"": 0.3, ""epsilon_decay"": 0.0001, ""discount_factor"": 0.5}",2.9756578765432096,100,5.337254901960785,5.337254901960785,4.9411764705882355,5.733333333333333,0.3960784313725489
"{""alpha"": 0.1, ""q_init"": 0, ""epsilon"": 0.3, ""epsilon_decay"": 0.0001, ""discount_factor"": 0.6}",3.368175407407307,100,2.7033333333333336,5.733333333333333,-1.0,5.733333333333333,3.349791038258954
"{""alpha"": 0.1, ""q_init"": 0, ""epsilon"": 0.3, ""epsilon_decay"": 0.0001, ""discount_factor"": 0.7}",2.8387800493824216,100,5.281803921568628,4.9411764705882355,4.9411764705882355,5.733333333333333,0.39217765435078983
"{""alpha"": 0.1, ""q_init"": 0, ""epsilon"": 0.3, ""epsilon_decay"": 0.0001, ""discount_factor"": 0.8}",3.272888493827395,100,2.7033333333333336,5.733333333333333,-1.0,5.733333333333333,3.349791038258954
"{""alpha"": 0.1, ""q_init"": 0, ""epsilon"": 0.3, ""epsilon_decay"": 0.0001, ""discount_factor"": 0.9}",3.45089975308656,100,2.4339999999999993,5.733333333333333,-1.0,5.733333333333333,3.36599326598653
"{""alpha"": 0.1, ""q_init"": 0, ""epsilon"": 0.5, ""epsilon_decay"": 0.0001, ""discount_factor"": 0.0}",8.044356345679262,100,-1.0,-1.0,-1.0,-1.0,0.0
"{""alpha"": 0.1, ""q_init"": 0, ""epsilon"": 0.5, ""epsilon_decay"": 0.0001, ""discount_factor"": 0.1}",4.2227306666663935,100,2.097333333333333,-1.0,-1.0,5.733333333333333,3.355876040618902
"{""alpha"": 0.1, ""q_init"": 0, ""epsilon"": 0.5, ""epsilon_decay"": 0.0001, ""discount_factor"": 0.2}",3.23370074074046,100,5.258039215686275,4.9411764705882355,4.9411764705882355,5.733333333333333,0.38807602199388386
"{""alpha"": 0.1, ""q_init"": 0, ""epsilon"": 0.5, ""epsilon_decay"": 0.0001, ""discount_factor"": 0.3}",3.157294617284151,100,5.384784313725491,5.733333333333333,4.9411764705882355,5.733333333333333,0.39321632572394555
"{""alpha"": 0.1, ""q_init"": 0, ""epsilon"": 0.5, ""epsilon_decay"": 0.0001, ""discount_factor"": 0.4}",3.1844973827160175,100,5.321411764705885,4.9411764705882355,4.9411764705882355,5.733333333333333,0.39576144178085526
"{""alpha"": 0.1, ""q_init"": 0, ""epsilon"": 0.5, ""epsilon_decay"": 0.0001, ""discount_factor"": 0.5}",3.421783703703568,100,2.4339999999999993,5.733333333333333,-1.0,5.733333333333333,3.36599326598653
"{""alpha"": 0.1, ""q_init"": 0, ""epsilon"": 0.5, ""epsilon_decay"": 0.0001, ""discount_factor"": 0.6}",3.503277037037151,100,1.6933333333333331,-1.0,-1.0,5.733333333333333,3.298646186948013
"{""alpha"": 0.1, ""q_init"": 0, ""epsilon"": 0.5, ""epsilon_decay"": 0.0001, ""discount_factor"": 0.7}",3.537880493827288,100,2.2319999999999998,-1.0,-1.0,5.733333333333333,3.3639722551372704
"{""alpha"": 0.1, ""q_init"": 0, ""epsilon"": 0.5, ""epsilon_decay"": 0.0001, ""discount_factor"": 0.8}",3.281852444444212,100,2.703333333333333,5.733333333333333,-1.0,5.733333333333333,3.349791038258954
"{""alpha"": 0.1, ""q_init"": 0, ""epsilon"": 0.5, ""epsilon_decay"": 0.0001, ""discount_factor"": 0.9}",3.3183328395061835,100,2.366666666666666,2.3666666666666667,-1.0,5.733333333333333,3.3666666666666667
"{""alpha"": 0.5, ""q_init"": ""random"", ""epsilon"": 0.1, ""epsilon_decay"": 0.0001, ""discount_factor"": 0.0}",8.104698469135656,100,-1.0,-1.0,-1.0,-1.0,0.0
"{""alpha"": 0.5, ""q_init"": ""random"", ""epsilon"": 0.1, ""epsilon_decay"": 0.0001, ""discount_factor"": 0.1}",3.3631411358028345,100,1.9626666666666666,-1.0,-1.0,5.733333333333333,3.342338768653538
"{""alpha"": 0.5, ""q_init"": ""random"", ""epsilon"": 0.1, ""epsilon_decay"": 0.0001, ""discount_factor"": 0.2}",3.1551130864199877,100,2.2993333333333332,-1.0,-1.0,5.733333333333333,3.36599326598653
"{""alpha"": 0.5, ""q_init"": ""random"", ""epsilon"": 0.1, ""epsilon_decay"": 0.0001, ""discount_factor"": 0.3}",2.563158123457015,100,5.345176470588235,5.733333333333333,4.9411764705882355,5.733333333333333,0.3959992077631211
"{""alpha"": 0.5, ""q_init"": ""random"", ""epsilon"": 0.1, ""epsilon_decay"": 0.0001, ""discount_factor"": 0.4}",3.177795160493588,100,1.222,-1.0,-1.0,5.733333333333333,3.1660989666570227
"{""alpha"": 0.5, ""q_init"": ""random"", ""epsilon"": 0.1, ""epsilon_decay"": 0.0001, ""discount_factor"": 0.5}",3.4166032592593183,100,2.501333333333333,5.733333333333333,-1.0,5.733333333333333,3.3639722551372704
"{""alpha"": 0.5, ""q_init"": ""random"", ""epsilon"": 0.1, ""epsilon_decay"": 0.0001, ""discount_factor"": 0.6}",3.443348543209595,100,2.3666666666666667,2.3666666666666667,-1.0,5.733333333333333,3.3666666666666667
"{""alpha"": 0.5, ""q_init"": ""random"", ""epsilon"": 0.1, ""epsilon_decay"": 0.0001, ""discount_factor"": 0.7}",3.231584790123634,100,2.636,5.733333333333333,-1.0,5.733333333333333,3.355876040618902
"{""alpha"": 0.5, ""q_init"": ""random"", ""epsilon"": 0.1, ""epsilon_decay"": 0.0001, ""discount_factor"": 0.8}",3.318679703703765,100,2.3666666666666667,2.3666666666666667,-1.0,5.733333333333333,3.3666666666666667
"{""alpha"": 0.5, ""q_init"": ""random"", ""epsilon"": 0.1, ""epsilon_decay"": 0.0001, ""discount_factor"": 0.9}",3.497314370370532,100,2.501333333333333,5.733333333333333,-1.0,5.733333333333333,3.3639722551372704
"{""alpha"": 0.5, ""q_init"": ""random"", ""epsilon"": 0.3, ""epsilon_decay"": 0.0001, ""discount_factor"": 0.0}",9.083443753086158,100,-1.0,-1.0,-1.0,-1.0,0.0
"{""alpha"": 0.5, ""q_init"": ""random"", ""epsilon"": 0.3, ""epsilon_decay"": 0.0001, ""discount_factor"": 0.1}",3.407613234567634,100,1.895333333333333,-1.0,-1.0,5.733333333333333,3.3335100619817153
"{""alpha"": 0.5, ""q_init"": ""random"", ""epsilon"": 0.3, ""epsilon_decay"": 0.0001, ""discount_factor"": 0.2}",3.5192959999999402,100,2.770666666666667,5.733333333333333,-1.0,5.733333333333333,3.3423387686535375
"{""alpha"": 0.5, ""q_init"": ""random"", ""epsilon"": 0.3, ""epsilon_decay"": 0.0001, ""discount_factor"": 0.3}",3.5334289382717543,100,2.03,-1.0,-1.0,5.733333333333333,3.349791038258954
"{""alpha"": 0.5, ""q_init"": ""random"", ""epsilon"": 0.3, ""epsilon_decay"": 0.0001, ""discount_factor"": 0.4}",3.2704209382714,100,2.636,5.733333333333333,-1.0,5.733333333333333,3.3558760406189014
"{""alpha"": 0.5, ""q_init"": ""random"", ""epsilon"": 0.3, ""epsilon_decay"": 0.0001, ""discount_factor"": 0.5}",3.1947255308641616,100,2.3666666666666667,2.3666666666666667,-1.0,5.733333333333333,3.3666666666666667
"{""alpha"": 0.5, ""q_init"": ""random"", ""epsilon"": 0.3, ""epsilon_decay"": 0.0001, ""discount_factor"": 0.6}",3.0920470123455743,100,2.9053333333333335,5.733333333333333,-1.0,5.733333333333333,3.3232939482788257
"{""alpha"": 0.5, ""q_init"": ""random"", ""epsilon"": 0.3, ""epsilon_decay"": 0.0001, ""discount_factor"": 0.7}",3.5477388641975267,100,2.0973333333333333,-1.0,-1.0,5.733333333333333,3.355876040618902
"{""alpha"": 0.5, ""q_init"": ""random"", ""epsilon"": 0.3, ""epsilon_decay"": 0.0001, ""discount_factor"": 0.8}",4.011064098765473,100,2.1646666666666663,-1.0,-1.0,5.733333333333333,3.3606012028273224
"{""alpha"": 0.5, ""q_init"": ""random"", ""epsilon"": 0.3, ""epsilon_decay"": 0.0001, ""discount_factor"": 0.9}",3.7355903209877397,100,2.2319999999999998,-1.0,-1.0,5.733333333333333,3.3639722551372704
"{""alpha"": 0.5, ""q_init"": ""random"", ""epsilon"": 0.5, ""epsilon_decay"": 0.0001, ""discount_factor"": 0.0}",8.870720790123414,100,-1.0,-1.0,-1.0,-1.0,0.0
"{""alpha"": 0.5, ""q_init"": ""random"", ""epsilon"": 0.5, ""epsilon_decay"": 0.0001, ""discount_factor"": 0.1}",3.650214320987743,100,2.0973333333333333,-1.0,-1.0,5.733333333333333,3.3558760406189014
"{""alpha"": 0.5, ""q_init"": ""random"", ""epsilon"": 0.5, ""epsilon_decay"": 0.0001, ""discount_factor"": 0.2}",3.9968312098767456,100,2.2319999999999998,-1.0,-1.0,5.733333333333333,3.3639722551372704
"{""alpha"": 0.5, ""q_init"": ""random"", ""epsilon"": 0.5, ""epsilon_decay"": 0.0001, ""discount_factor"": 0.3}",3.490810864197556,100,2.2319999999999998,-1.0,-1.0,5.733333333333333,3.3639722551372704
"{""alpha"": 0.5, ""q_init"": ""random"", ""epsilon"": 0.5, ""epsilon_decay"": 0.0001, ""discount_factor"": 0.4}",4.051864493826997,100,2.770666666666667,5.733333333333333,-1.0,5.733333333333333,3.3423387686535375
"{""alpha"": 0.5, ""q_init"": ""random"", ""epsilon"": 0.5, ""epsilon_decay"": 0.0001, ""discount_factor"": 0.5}",3.5963239506172613,100,1.9626666666666663,-1.0,-1.0,5.733333333333333,3.342338768653537
"{""alpha"": 0.5, ""q_init"": ""random"", ""epsilon"": 0.5, ""epsilon_decay"": 0.0001, ""discount_factor"": 0.6}",3.1757902222220764,100,5.329333333333335,4.9411764705882355,4.9411764705882355,5.733333333333333,0.3959992077631211
"{""alpha"": 0.5, ""q_init"": ""random"", ""epsilon"": 0.5, ""epsilon_decay"": 0.0001, ""discount_factor"": 0.7}",3.112552691357905,100,5.361019607843137,5.733333333333333,4.9411764705882355,5.733333333333333,0.39536484739144956
"{""alpha"": 0.5, ""q_init"": ""random"", ""epsilon"": 0.5, ""epsilon_decay"": 0.0001, ""discount_factor"": 0.8}",3.712163160493674,100,2.501333333333333,5.733333333333333,-1.0,5.733333333333333,3.3639722551372704
"{""alpha"": 0.5, ""q_init"": ""random"", ""epsilon"": 0.5, ""epsilon_decay"": 0.0001, ""discount_factor"": 0.9}",3.7039972345678507,100,2.9053333333333335,5.733333333333333,-1.0,5.733333333333333,3.3232939482788253
"{""alpha"": 0.5, ""q_init"": 0, ""epsilon"": 0.1, ""epsilon_decay"": 0.0001, ""discount_factor"": 0.0}",48.58143644444408,100,-1.0,-1.0,-1.0,-1.0,0.0
"{""alpha"": 0.5, ""q_init"": 0, ""epsilon"": 0.1, ""epsilon_decay"": 0.0001, ""discount_factor"": 0.1}",4.0080343703702965,100,2.2319999999999998,-1.0,-1.0,5.733333333333333,3.3639722551372704
"{""alpha"": 0.5, ""q_init"": 0, ""epsilon"": 0.1, ""epsilon_decay"": 0.0001, ""discount_factor"": 0.2}",3.6509799506170566,100,3.2420000000000004,5.733333333333333,-1.0,5.733333333333333,3.250882341765079
"{""alpha"": 0.5, ""q_init"": 0, ""epsilon"": 0.1, ""epsilon_decay"": 0.0001, ""discount_factor"": 0.3}",4.065200592592646,100,1.9626666666666666,-1.0,-1.0,5.733333333333333,3.3423387686535375
"{""alpha"": 0.5, ""q_init"": 0, ""epsilon"": 0.1, ""epsilon_decay"": 0.0001, ""discount_factor"": 0.4}",4.217877728395251,100,2.1646666666666663,-1.0,-1.0,5.733333333333333,3.3606012028273224
"{""alpha"": 0.5, ""q_init"": 0, ""epsilon"": 0.1, ""epsilon_decay"": 0.0001, ""discount_factor"": 0.5}",3.229698765432204,100,3.1073333333333335,5.733333333333333,-1.0,5.733333333333333,3.2841829019306052
"{""alpha"": 0.5, ""q_init"": 0, ""epsilon"": 0.1, ""epsilon_decay"": 0.0001, ""discount_factor"": 0.6}",3.1326688395060955,100,3.107333333333334,5.733333333333333,-1.0,5.733333333333333,3.2841829019306052
"{""alpha"": 0.5, ""q_init"": 0, ""epsilon"": 0.1, ""epsilon_decay"": 0.0001, ""discount_factor"": 0.7}",3.123960098765565,100,2.7033333333333336,5.733333333333333,-1.0,5.733333333333333,3.349791038258954
"{""alpha"": 0.5, ""q_init"": 0, ""epsilon"": 0.1, ""epsilon_decay"": 0.0001, ""discount_factor"": 0.8}",3.4567747160494946,100,1.895333333333333,-1.0,-1.0,5.733333333333333,3.3335100619817153
"{""alpha"": 0.5, ""q_init"": 0, ""epsilon"": 0.1, ""epsilon_decay"": 0.0001, ""discount_factor"": 0.9}",3.3725799506173644,100,2.905333333333334,5.733333333333333,-1.0,5.733333333333333,3.3232939482788253
"{""alpha"": 0.5, ""q_init"": 0, ""epsilon"": 0.3, ""epsilon_decay"": 0.0001, ""discount_factor"": 0.0}",33.659002864197646,100,-1.0,-1.0,-1.0,-1.0,0.0
"{""alpha"": 0.5, ""q_init"": 0, ""epsilon"": 0.3, ""epsilon_decay"": 0.0001, ""discount_factor"": 0.1}",3.0017864691358227,100,5.345176470588236,5.733333333333333,4.9411764705882355,5.733333333333333,0.3959992077631211
"{""alpha"": 0.5, ""q_init"": 0, ""epsilon"": 0.3, ""epsilon_decay"": 0.0001, ""discount_factor"": 0.2}",2.7887079506172086,100,5.345176470588237,5.733333333333333,4.9411764705882355,5.733333333333333,0.3959992077631211
"{""alpha"": 0.5, ""q_init"": 0, ""epsilon"": 0.3, ""epsilon_decay"": 0.0001, ""discount_factor"": 0.3}",3.2274868148147107,100,2.501333333333333,5.733333333333333,-1.0,5.733333333333333,3.3639722551372704
"{""alpha"": 0.5, ""q_init"": 0, ""epsilon"": 0.3, ""epsilon_decay"": 0.0001, ""discount_factor"": 0.4}",3.1344715061727584,100,2.1646666666666667,-1.0,-1.0,5.733333333333333,3.360601202827322
"{""alpha"": 0.5, ""q_init"": 0, ""epsilon"": 0.3, ""epsilon_decay"": 0.0001, ""discount_factor"": 0.5}",3.2114797037038443,100,2.8380000000000005,5.733333333333333,-1.0,5.733333333333333,3.3335100619817144
"{""alpha"": 0.5, ""q_init"": 0, ""epsilon"": 0.3, ""epsilon_decay"": 0.0001, ""discount_factor"": 0.6}",2.9322488888888074,100,5.337254901960786,5.337254901960785,4.9411764705882355,5.733333333333333,0.39607843137254894
"{""alpha"": 0.5, ""q_init"": 0, ""epsilon"": 0.3, ""epsilon_decay"": 0.0001, ""discount_factor"": 0.7}",3.290960987654671,100,2.0299999999999994,-1.0,-1.0,5.733333333333333,3.349791038258953
"{""alpha"": 0.5, ""q_init"": 0, ""epsilon"": 0.3, ""epsilon_decay"": 0.0001, ""discount_factor"": 0.8}",3.0424462222222246,100,3.0400000000000005,5.733333333333333,-1.0,5.733333333333333,3.2986461869480133
"{""alpha"": 0.5, ""q_init"": 0, ""epsilon"": 0.3, ""epsilon_decay"": 0.0001, ""discount_factor"": 0.9}",3.138140444444616,100,2.7033333333333336,5.733333333333333,-1.0,5.733333333333333,3.349791038258954
"{""alpha"": 0.5, ""q_init"": 0, ""epsilon"": 0.5, ""epsilon_decay"": 0.0001, ""discount_factor"": 0.0}",8.89436325925908,100,-1.0,-1.0,-1.0,-1.0,0.0
"{""alpha"": 0.5, ""q_init"": 0, ""epsilon"": 0.5, ""epsilon_decay"": 0.0001, ""discount_factor"": 0.1}",2.9742388148151804,100,5.337254901960786,5.337254901960785,4.9411764705882355,5.733333333333333,0.3960784313725489
"{""alpha"": 0.5, ""q_init"": 0, ""epsilon"": 0.5, ""epsilon_decay"": 0.0001, ""discount_factor"": 0.2}",2.937434469135951,100,5.4006274509803935,5.733333333333333,4.9411764705882355,5.733333333333333,0.3909757586210383
"{""alpha"": 0.5, ""q_init"": 0, ""epsilon"": 0.5, ""epsilon_decay"": 0.0001, ""discount_factor"": 0.3}",2.7656730864196106,100,5.345176470588236,5.733333333333333,4.9411764705882355,5.733333333333333,0.3959992077631211
"{""alpha"": 0.5, ""q_init"": 0, ""epsilon"": 0.5, ""epsilon_decay"": 0.0001, ""discount_factor"": 0.4}",3.1639478518518445,100,2.299333333333333,-1.0,-1.0,5.733333333333333,3.365993265986529
"{""alpha"": 0.5, ""q_init"": 0, ""epsilon"": 0.5, ""epsilon_decay"": 0.0001, ""discount_factor"": 0.5}",2.7325898271606093,100,5.265960784313726,4.9411764705882355,4.9411764705882355,5.733333333333333,0.3896091279570671
"{""alpha"": 0.5, ""q_init"": 0, ""epsilon"": 0.5, ""epsilon_decay"": 0.0001, ""discount_factor"": 0.6}",2.765526123456766,100,5.281803921568627,4.9411764705882355,4.9411764705882355,5.733333333333333,0.39217765435078983
"{""alpha"": 0.5, ""q_init"": 0, ""epsilon"": 0.5, ""epsilon_decay"": 0.0001, ""discount_factor"": 0.7}",3.2382554074074505,100,2.7033333333333336,5.733333333333333,-1.0,5.733333333333333,3.349791038258954
"{""alpha"": 0.5, ""q_init"": 0, ""epsilon"": 0.5, ""epsilon_decay"": 0.0001, ""discount_factor"": 0.8}",3.0680920493828125,100,5.353098039215688,5.733333333333333,4.9411764705882355,5.733333333333333,0.39576144178085526
"{""alpha"": 0.5, ""q_init"": 0, ""epsilon"": 0.5, ""epsilon_decay"": 0.0001, ""discount_factor"": 0.9}",3.58659753086431,100,1.9626666666666663,-1.0,-1.0,5.733333333333333,3.342338768653537
"{""alpha"": 0.9, ""q_init"": ""random"", ""epsilon"": 0.1, ""epsilon_decay"": 0.0001, ""discount_factor"": 0.0}",8.734102913580045,100,-1.0,-1.0,-1.0,-1.0,0.0
"{""alpha"": 0.9, ""q_init"": ""random"", ""epsilon"": 0.1, ""epsilon_decay"": 0.0001, ""discount_factor"": 0.1}",2.617095111110757,100,5.329333333333334,4.9411764705882355,4.9411764705882355,5.733333333333333,0.39599920776312103
"{""alpha"": 0.9, ""q_init"": ""random"", ""epsilon"": 0.1, ""epsilon_decay"": 0.0001, ""discount_factor"": 0.2}",3.1088651851850955,100,2.4339999999999997,5.733333333333333,-1.0,5.733333333333333,3.36599326598653
"{""alpha"": 0.9, ""q_init"": ""random"", ""epsilon"": 0.1, ""epsilon_decay"": 0.0001, ""discount_factor"": 0.3}",2.7500823703703645,100,2.1646666666666667,-1.0,-1.0,5.733333333333333,3.3606012028273224
"{""alpha"": 0.9, ""q_init"": ""random"", ""epsilon"": 0.1, ""epsilon_decay"": 0.0001, ""discount_factor"": 0.4}",2.3106607407407864,100,5.345176470588237,5.733333333333333,4.9411764705882355,5.733333333333333,0.3959992077631211
"{""alpha"": 0.9, ""q_init"": ""random"", ""epsilon"": 0.1, ""epsilon_decay"": 0.0001, ""discount_factor"": 0.5}",2.6333202962964606,100,2.972666666666667,5.733333333333333,-1.0,5.733333333333333,3.3116775876350713
"{""alpha"": 0.9, ""q_init"": ""random"", ""epsilon"": 0.1, ""epsilon_decay"": 0.0001, ""discount_factor"": 0.6}",2.679908345678996,100,2.636,5.733333333333333,-1.0,5.733333333333333,3.3558760406189014
"{""alpha"": 0.9, ""q_init"": ""random"", ""epsilon"": 0.1, ""epsilon_decay"": 0.0001, ""discount_factor"": 0.7}",2.6789230617282556,100,2.1646666666666667,-1.0,-1.0,5.733333333333333,3.3606012028273224
"{""alpha"": 0.9, ""q_init"": ""random"", ""epsilon"": 0.1, ""epsilon_decay"": 0.0001, ""discount_factor"": 0.8}",2.9907417283948234,100,2.2993333333333332,-1.0,-1.0,5.733333333333333,3.36599326598653
"{""alpha"": 0.9, ""q_init"": ""random"", ""epsilon"": 0.1, ""epsilon_decay"": 0.0001, ""discount_factor"": 0.9}",2.761777777777752,100,2.3666666666666663,2.3666666666666667,-1.0,5.733333333333333,3.3666666666666667
"{""alpha"": 0.9, ""q_init"": ""random"", ""epsilon"": 0.3, ""epsilon_decay"": 0.0001, ""discount_factor"": 0.0}",7.824553481481416,100,-1.0,-1.0,-1.0,-1.0,0.0
"{""alpha"": 0.9, ""q_init"": ""random"", ""epsilon"": 0.3, ""epsilon_decay"": 0.0001, ""discount_factor"": 0.1}",3.258494024691572,100,2.1646666666666663,-1.0,-1.0,5.733333333333333,3.3606012028273224
"{""alpha"": 0.9, ""q_init"": ""random"", ""epsilon"": 0.3, ""epsilon_decay"": 0.0001, ""discount_factor"": 0.2}",2.5248916543209816,100,5.3134901960784315,4.9411764705882355,4.9411764705882355,5.733333333333333,0.39536484739144956
"{""alpha"": 0.9, ""q_init"": ""random"", ""epsilon"": 0.3, ""epsilon_decay"": 0.0001, ""discount_factor"": 0.3}",2.947206716049095,100,2.5686666666666667,5.733333333333333,-1.0,5.733333333333333,3.3606012028273224
"{""alpha"": 0.9, ""q_init"": ""random"", ""epsilon"": 0.3, ""epsilon_decay"": 0.0001, ""discount_factor"": 0.4}",2.539339456790003,100,5.392705882352942,5.733333333333333,4.9411764705882355,5.733333333333333,0.39217765435078983
"{""alpha"": 0.9, ""q_init"": ""random"", ""epsilon"": 0.3, ""epsilon_decay"": 0.0001, ""discount_factor"": 0.5}",3.116813827160513,100,1.491333333333333,-1.0,-1.0,5.733333333333333,3.250882341765079
"{""alpha"": 0.9, ""q_init"": ""random"", ""epsilon"": 0.3, ""epsilon_decay"": 0.0001, ""discount_factor"": 0.6}",2.51838972839505,100,5.273882352941176,4.9411764705882355,4.9411764705882355,5.733333333333333,0.3909757586210382
"{""alpha"": 0.9, ""q_init"": ""random"", ""epsilon"": 0.3, ""epsilon_decay"": 0.0001, ""discount_factor"": 0.7}",2.8641951604936366,100,2.770666666666667,5.733333333333333,-1.0,5.733333333333333,3.3423387686535375
"{""alpha"": 0.9, ""q_init"": ""random"", ""epsilon"": 0.3, ""epsilon_decay"": 0.0001, ""discount_factor"": 0.8}",3.126011259259485,100,1.5586666666666664,-1.0,-1.0,5.733333333333333,3.2682687228017913
"{""alpha"": 0.9, ""q_init"": ""random"", ""epsilon"": 0.3, ""epsilon_decay"": 0.0001, ""discount_factor"": 0.9}",3.10511091358012,100,1.8953333333333333,-1.0,-1.0,5.733333333333333,3.3335100619817153
"{""alpha"": 0.9, ""q_init"": ""random"", ""epsilon"": 0.5, ""epsilon_decay"": 0.0001, ""discount_factor"": 0.0}",8.678173629629327,100,-1.0,-1.0,-1.0,-1.0,0.0
"{""alpha"": 0.9, ""q_init"": ""random"", ""epsilon"": 0.5, ""epsilon_decay"": 0.0001, ""discount_factor"": 0.1}",3.532933530864284,100,5.424392156862746,5.733333333333333,4.9411764705882355,5.733333333333333,0.3863744590506595
"{""alpha"": 0.9, ""q_init"": ""random"", ""epsilon"": 0.5, ""epsilon_decay"": 0.0001, ""discount_factor"": 0.2}",3.1887869629631496,100,5.28972549019608,4.9411764705882355,4.9411764705882355,5.733333333333333,0.39321632572394544
"{""alpha"": 0.9, ""q_init"": ""random"", ""epsilon"": 0.5, ""epsilon_decay"": 0.0001, ""discount_factor"": 0.3}",3.2411211851849657,100,5.329333333333334,4.9411764705882355,4.9411764705882355,5.733333333333333,0.39599920776312103
"{""alpha"": 0.9, ""q_init"": ""random"", ""epsilon"": 0.5, ""epsilon_decay"": 0.0001, ""discount_factor"": 0.4}",3.637943308641752,100,5.353098039215686,5.733333333333333,4.9411764705882355,5.733333333333333,0.3957614417808552
"{""alpha"": 0.9, ""q_init"": ""random"", ""epsilon"": 0.5, ""epsilon_decay"": 0.0001, ""discount_factor"": 0.5}",3.028303407407293,100,5.337254901960786,5.337254901960785,4.9411764705882355,5.733333333333333,0.39607843137254894
"{""alpha"": 0.9, ""q_init"": ""random"", ""epsilon"": 0.5, ""epsilon_decay"": 0.0001, ""discount_factor"": 0.6}",3.316150913580259,100,2.4339999999999997,5.733333333333333,-1.0,5.733333333333333,3.3659932659865297
"{""alpha"": 0.9, ""q_init"": ""random"", ""epsilon"": 0.5, ""epsilon_decay"": 0.0001, ""discount_factor"": 0.7}",3.2102656790125366,100,2.2319999999999998,-1.0,-1.0,5.733333333333333,3.3639722551372704
"{""alpha"": 0.9, ""q_init"": ""random"", ""epsilon"": 0.5, ""epsilon_decay"": 0.0001, ""discount_factor"": 0.8}",2.806451753086094,100,5.321411764705882,4.9411764705882355,4.9411764705882355,5.733333333333333,0.3957614417808553
"{""alpha"": 0.9, ""q_init"": ""random"", ""epsilon"": 0.5, ""epsilon_decay"": 0.0001, ""discount_factor"": 0.9}",3.486871308641639,100,2.0973333333333333,-1.0,-1.0,5.733333333333333,3.355876040618902
"{""alpha"": 0.9, ""q_init"": 0, ""epsilon"": 0.1, ""epsilon_decay"": 0.0001, ""discount_factor"": 0.0}",662.118906074074,100,-1.0,-1.0,-1.0,-1.0,0.0
"{""alpha"": 0.9, ""q_init"": 0, ""epsilon"": 0.1, ""epsilon_decay"": 0.0001, ""discount_factor"": 0.1}",23.796208197531087,100,2.2993333333333332,-1.0,-1.0,5.733333333333333,3.36599326598653
"{""alpha"": 0.9, ""q_init"": 0, ""epsilon"": 0.1, ""epsilon_decay"": 0.0001, ""discount_factor"": 0.2}",4.78586785185189,100,2.03,-1.0,-1.0,5.733333333333333,3.349791038258954
"{""alpha"": 0.9, ""q_init"": 0, ""epsilon"": 0.1, ""epsilon_decay"": 0.0001, ""discount_factor"": 0.3}",3.441359012345856,100,5.37686274509804,5.733333333333333,4.9411764705882355,5.733333333333333,0.39409306332458266
"{""alpha"": 0.9, ""q_init"": 0, ""epsilon"": 0.1, ""epsilon_decay"": 0.0001, ""discount_factor"": 0.4}",3.6593560493824953,100,2.1646666666666663,-1.0,-1.0,5.733333333333333,3.360601202827322
"{""alpha"": 0.9, ""q_init"": 0, ""epsilon"": 0.1, ""epsilon_decay"": 0.0001, ""discount_factor"": 0.5}",3.4957025185185557,100,2.2319999999999998,-1.0,-1.0,5.733333333333333,3.3639722551372704
"{""alpha"": 0.9, ""q_init"": 0, ""epsilon"": 0.1, ""epsilon_decay"": 0.0001, ""discount_factor"": 0.6}",3.3102056296297633,100,2.2993333333333332,-1.0,-1.0,5.733333333333333,3.3659932659865297
"{""alpha"": 0.9, ""q_init"": 0, ""epsilon"": 0.1, ""epsilon_decay"": 0.0001, ""discount_factor"": 0.7}",3.108353975308546,100,5.250117647058824,4.9411764705882355,4.9411764705882355,5.733333333333333,0.3863744590506594
"{""alpha"": 0.9, ""q_init"": 0, ""epsilon"": 0.1, ""epsilon_decay"": 0.0001, ""discount_factor"": 0.8}",3.8042200493823657,100,2.4339999999999997,5.733333333333333,-1.0,5.733333333333333,3.36599326598653
"{""alpha"": 0.9, ""q_init"": 0, ""epsilon"": 0.1, ""epsilon_decay"": 0.0001, ""discount_factor"": 0.9}",3.4176387160496233,100,2.8380000000000005,5.733333333333333,-1.0,5.733333333333333,3.3335100619817144
"{""alpha"": 0.9, ""q_init"": 0, ""epsilon"": 0.3, ""epsilon_decay"": 0.0001, ""discount_factor"": 0.0}",33.81181471604941,100,-1.0,-1.0,-1.0,-1.0,0.0
"{""alpha"": 0.9, ""q_init"": 0, ""epsilon"": 0.3, ""epsilon_decay"": 0.0001, ""discount_factor"": 0.1}",2.7663901234568584,100,5.28972549019608,4.9411764705882355,4.9411764705882355,5.733333333333333,0.39321632572394544
"{""alpha"": 0.9, ""q_init"": 0, ""epsilon"": 0.3, ""epsilon_decay"": 0.0001, ""discount_factor"": 0.2}",3.24586548148136,100,2.0973333333333333,-1.0,-1.0,5.733333333333333,3.355876040618902
"{""alpha"": 0.9, ""q_init"": 0, ""epsilon"": 0.3, ""epsilon_decay"": 0.0001, ""discount_factor"": 0.3}",4.809426172839267,100,2.2319999999999998,-1.0,-1.0,5.733333333333333,3.3639722551372704
"{""alpha"": 0.9, ""q_init"": 0, ""epsilon"": 0.3, ""epsilon_decay"": 0.0001, ""discount_factor"": 0.4}",4.901351506172887,100,2.2993333333333332,-1.0,-1.0,5.733333333333333,3.3659932659865297
"{""alpha"": 0.9, ""q_init"": 0, ""epsilon"": 0.3, ""epsilon_decay"": 0.0001, ""discount_factor"": 0.5}",5.680316839505849,100,2.568666666666666,5.733333333333333,-1.0,5.733333333333333,3.3606012028273224
"{""alpha"": 0.9, ""q_init"": 0, ""epsilon"": 0.3, ""epsilon_decay"": 0.0001, ""discount_factor"": 0.6}",4.670686024691349,100,5.2976470588235305,4.9411764705882355,4.9411764705882355,5.733333333333333,0.3940930633245827
"{""alpha"": 0.9, ""q_init"": 0, ""epsilon"": 0.3, ""epsilon_decay"": 0.0001, ""discount_factor"": 0.7}",4.997688098765138,100,2.2993333333333332,-1.0,-1.0,5.733333333333333,3.36599326598653
"{""alpha"": 0.9, ""q_init"": 0, ""epsilon"": 0.3, ""epsilon_decay"": 0.0001, ""discount_factor"": 0.8}",4.407457580246955,100,5.368941176470589,5.733333333333333,4.9411764705882355,5.733333333333333,0.3948089459551649
"{""alpha"": 0.9, ""q_init"": 0, ""epsilon"": 0.3, ""epsilon_decay"": 0.0001, ""discount_factor"": 0.9}",4.603412543209743,100,5.37686274509804,5.733333333333333,4.9411764705882355,5.733333333333333,0.39409306332458266
"{""alpha"": 0.9, ""q_init"": 0, ""epsilon"": 0.5, ""epsilon_decay"": 0.0001, ""discount_factor"": 0.0}",12.931020641975465,100,-1.0,-1.0,-1.0,-1.0,0.0
"{""alpha"": 0.9, ""q_init"": 0, ""epsilon"": 0.5, ""epsilon_decay"": 0.0001, ""discount_factor"": 0.1}",4.867341827160544,100,5.353098039215687,5.733333333333333,4.9411764705882355,5.733333333333333,0.3957614417808553
"{""alpha"": 0.9, ""q_init"": 0, ""epsilon"": 0.5, ""epsilon_decay"": 0.0001, ""discount_factor"": 0.2}",5.700929975308554,100,2.2319999999999998,-1.0,-1.0,5.733333333333333,3.3639722551372704
"{""alpha"": 0.9, ""q_init"": 0, ""epsilon"": 0.5, ""epsilon_decay"": 0.0001, ""discount_factor"": 0.3}",5.41644404938279,100,2.097333333333333,-1.0,-1.0,5.733333333333333,3.3558760406189014
"{""alpha"": 0.9, ""q_init"": 0, ""epsilon"": 0.5, ""epsilon_decay"": 0.0001, ""discount_factor"": 0.4}",5.571984197530583,100,5.329333333333335,4.9411764705882355,4.9411764705882355,5.733333333333333,0.3959992077631211
"{""alpha"": 0.9, ""q_init"": 0, ""epsilon"": 0.5, ""epsilon_decay"": 0.0001, ""discount_factor"": 0.5}",4.701093135802694,100,5.4164705882352955,5.733333333333333,4.9411764705882355,5.733333333333333,0.3880760219938838
"{""alpha"": 0.9, ""q_init"": 0, ""epsilon"": 0.5, ""epsilon_decay"": 0.0001, ""discount_factor"": 0.6}",4.358122666666986,100,5.368941176470589,5.733333333333333,4.9411764705882355,5.733333333333333,0.3948089459551649
"{""alpha"": 0.9, ""q_init"": 0, ""epsilon"": 0.5, ""epsilon_decay"": 0.0001, ""discount_factor"": 0.7}",4.982814814814901,100,5.353098039215688,5.733333333333333,4.9411764705882355,5.733333333333333,0.39576144178085526
"{""alpha"": 0.9, ""q_init"": 0, ""epsilon"": 0.5, ""epsilon_decay"": 0.0001, ""discount_factor"": 0.8}",5.575946666666823,100,2.0973333333333333,-1.0,-1.0,5.733333333333333,3.355876040618902
"{""alpha"": 0.9, ""q_init"": 0, ""epsilon"": 0.5, ""epsilon_decay"": 0.0001, ""discount_factor"": 0.9}",5.811612444444563,100,2.770666666666667,5.733333333333333,-1.0,5.733333333333333,3.342338768653537
