steps,time,reward,delta,converged
1,0.0017785679012263245,0.0,0,False
2,0.0007059753086195997,0.0,0,False
3,0.0008624197531048594,0.0,6.396063051618655e-05,False
4,0.002735012345681298,0.0,6.396063051618655e-05,False
5,0.0009635555555860265,0.0,6.396063051618655e-05,False
6,0.0006419753086674973,0.0,6.396063051618655e-05,False
7,0.0010512592592704095,0.0,6.396063051618655e-05,False
8,0.002064592592603276,0.0,6.396063051618655e-05,False
9,0.001359802469096394,0.0,6.396063051618655e-05,False
10,0.0008829629629758529,0.0,6.396063051618655e-05,False
11,0.0038285432098632555,0.0,6.396063051618655e-05,False
12,0.0013921975308335277,0.0,6.396063051618655e-05,False
13,0.0020705185185079245,0.0,6.396063051618655e-05,False
14,0.0021993086419342944,0.0,6.396063051618655e-05,False
15,0.0023838024691258397,0.0,6.396063051618655e-05,False
16,0.0011381728394894708,0.0,6.396063051618655e-05,False
17,0.000890469135811145,0.0,6.396063051618655e-05,False
18,0.000975802469156406,0.0,6.396063051618655e-05,False
19,0.0012709135802424498,0.0,9.427399024108483e-05,False
20,0.004495407407375751,0.0,9.427399024108483e-05,False
21,0.0009212839506176351,0.0,9.427399024108483e-05,False
22,0.0002879999999549909,0.0,0.00012761906746210956,False
23,0.0016746666667017962,0.0,0.00012761906746210956,False
24,0.00457323456788572,0.0,0.00012761906746210956,False
25,0.0013119999999844367,0.0,0.00012761906746210956,False
26,0.0014388148148327673,0.0,0.00012761906746210956,False
27,0.0014704197530477359,0.0,0.00012761906746210956,False
28,0.000617876543174134,0.0,0.00012761906746210956,False
29,0.0013428148148477703,0.0,0.00012761906746210956,False
30,0.0018006913580279615,0.0,0.00012761906746210956,False
31,0.00444958024695552,0.0,0.00012761906746210956,False
32,0.0002868148147854299,0.0,0.00012761906746210956,False
33,0.0008304197531288082,0.0,0.00012761906746210956,False
34,0.0011966419753548507,0.0,0.00012761906746210956,False
35,0.0023051851852073924,0.0,0.00012761906746210956,False
36,0.0005199012345542542,0.0,0.00012761906746210956,False
37,0.003322469135753181,0.0,0.00012761906746210956,False
38,0.0012590617283763095,0.0,0.00012761906746210956,False
39,0.0005898271604678484,0.0,0.00012761906746210956,False
40,0.0004724938271465362,0.0,0.00013159831866194294,False
41,0.0009208888889133959,0.0,0.00013159831866194294,False
42,0.0010216296296334804,0.0,0.00013159831866194294,False
43,0.002434765432099084,0.0,0.00013159831866194294,False
44,0.00038755555556235777,0.0,0.00013311687270443911,False
45,0.001112098765418068,0.0,0.00013311687270443911,False
46,0.0009540740740590081,0.0,0.00013311687270443911,False
47,0.0016956049382770289,0.0,0.00013311687270443911,False
48,0.00047683950617738446,0.0,0.00013311687270443911,False
49,0.003011950617292314,0.0,0.00013311687270443911,False
50,0.0006479012345721458,0.0,0.00013311687270443911,False
51,0.0023308641975177125,0.0,0.00013311687270443911,False
52,0.001976098765453571,0.0,0.0001347013293987479,False
53,0.0017066666666778474,0.0,0.0001382974498276848,False
54,0.0003986172839063329,0.0,0.0001382974498276848,False
55,0.0011065679012176588,0.0,0.0001382974498276848,False
56,0.0015154567901163318,0.0,0.00015848958178853276,False
57,0.001654518518535042,0.0,0.00015848958178853276,False
58,0.0007936790123039827,0.0,0.00015848958178853276,False
59,0.0010251851851990068,0.0,0.00015848958178853276,False
60,0.0007909135802606215,0.0,0.00015848958178853276,False
61,0.0007932839505997435,0.0,0.00015848958178853276,False
62,0.00132582716048546,0.0,0.00015848958178853276,False
63,0.0010239999999726024,0.0,0.00015848958178853276,False
64,0.000993975308631434,0.0,0.00015848958178853276,False
65,0.0007877530863993343,0.0,0.00016008822687244343,False
66,0.0009129876543170212,0.0,0.00016008822687244343,False
67,0.0003429135802548444,0.0,0.00016008822687244343,False
68,0.0006419753086106539,0.0,0.00016008822687244343,False
69,0.0006396049382715319,0.0,0.00016008822687244343,False
70,0.0007446913580224646,0.0,0.00016008822687244343,False
71,0.0005728395061623814,0.0,0.00016008822687244343,False
72,0.0003816296296577093,0.0,0.00016008822687244343,False
73,0.0009651358024598267,0.0,0.00016008822687244343,False
74,0.0023107160494078016,0.0,0.00016008822687244343,False
75,0.0006407901234979363,0.0,0.00016008822687244343,False
76,0.0012314074073742631,0.0,0.00016008822687244343,False
77,0.0007375802469482551,0.0,0.00016008822687244343,False
78,0.0017682962962908277,0.0,0.0001639814783708195,False
79,0.0015332345678871206,0.0,0.0001639814783708195,False
80,0.0007612839506236924,0.0,0.0001639814783708195,False
81,0.0009023209876772853,0.0,0.0001639814783708195,False
82,0.003768098765419836,0.0,0.0001639814783708195,False
83,0.001966617283983396,0.0,0.0001639814783708195,False
84,0.0014688395061739357,0.0,0.0001639814783708195,False
85,0.00050488888888367,0.0,0.0001639814783708195,False
86,0.0010978765432128057,0.0,0.0001639814783708195,False
87,0.0009343209876533365,0.0,0.0001639814783708195,False
88,0.002076049382765177,0.0,0.0001639814783708195,False
89,0.0005756049382625861,0.0,0.0001639814783708195,False
90,0.0022984691357805787,0.0,0.0001639814783708195,False
91,0.0034595555555370083,0.0,0.00016478422765850773,False
92,0.0006245925926009477,0.0,0.00016478422765850773,False
93,0.001244839506171047,0.0,0.00016478422765850773,False
94,0.000813827160470737,0.0,0.00016478422765850773,False
95,0.0010966913579864013,0.0,0.00016478422765850773,False
96,0.0007683950617547453,0.0,0.00016478422765850773,False
97,0.0013293827160509863,0.0,0.00016478422765850773,False
98,0.0007174320987815008,0.0,0.00016478422765850773,False
99,0.0005274074073895463,0.0,0.00016478422765850773,False
100,0.0011231604938188866,0.0,0.00016478422765850773,False
101,0.00027259259258016755,0.0,0.00016478422765850773,False
102,0.0017497283950547171,0.0,0.00016478422765850773,False
103,0.00047683950617738446,0.0,0.00016478422765850773,False
104,0.0006791111111397186,0.0,0.00016478422765850773,False
105,0.0013475555555260144,0.0,0.00016478422765850773,False
106,0.004188444444423567,0.0,0.00016478422765850773,False
107,0.0034394074074270975,0.0,0.00016478422765850773,False
108,0.00149412345683686,0.0,0.00016478422765850773,False
109,0.0005005432098528217,0.0,0.00016478422765850773,False
110,0.0008786172839450046,0.0,0.00016478422765850773,False
111,0.00055466666663051,0.0,0.00016478422765850773,False
112,0.0003800493827270657,0.0,0.00016478422765850773,False
113,0.0016584691358048076,0.0,0.00016478422765850773,False
114,0.0013669135802274468,0.0,0.00016478422765850773,False
115,0.00098409876545702,0.0,0.00016478422765850773,False
116,0.0014988641975719474,0.0,0.00016478422765850773,False
117,0.00043496296297007575,0.0,0.00016478422765850773,False
118,0.0007889382716257387,0.0,0.00016478422765850773,False
119,0.0007352098765522896,0.0,0.00016478422765850773,False
120,0.00048434567901267656,0.0,0.00016478422765850773,False
121,0.0006396049382715319,0.0,0.00016478422765850773,False
122,0.0021759999999630963,0.0,0.00016478422765850773,False
123,0.0009157530864172259,0.0,0.00016478422765850773,False
124,0.00138587654322464,0.0,0.00016478422765850773,False
125,0.0007553580247190439,0.0,0.00016478422765850773,False
126,0.0011808395061621013,0.0,0.00016478422765850773,False
127,0.002452543209869873,0.0,0.00016478422765850773,False
128,0.0020377283950665515,0.0,0.00016478422765850773,False
129,0.0010836543209507,0.0,0.00016478422765850773,False
130,0.003849481481438488,0.0,0.00016478422765850773,False
131,0.0007213827160512665,0.0,0.00016478422765850773,False
132,0.0013116049382801975,0.0,0.00016478422765850773,False
133,0.00041718518519928693,0.0,0.00016545792287542288,False
134,0.00048197530867355454,0.0,0.00016545792287542288,False
135,0.0005811358024629953,0.0,0.00016545792287542288,False
136,0.0003757037036962174,0.0,0.00016545792287542288,False
137,0.0006056296296037544,0.0,0.00016545792287542288,False
138,0.0005309629629550727,0.0,0.00016545792287542288,False
139,0.001254320987641222,0.0,0.00016545792287542288,False
140,0.001594864197500101,0.0,0.00016545792287542288,False
141,0.00027970370371122044,0.0,0.00016545792287542288,False
142,0.001821234567898955,0.0,0.00017012366132530728,False
143,0.000816592592627785,0.0,0.00017012366132530728,False
144,0.0005317530864203945,0.0,0.00017012366132530728,False
145,0.0007375802469482551,0.0,0.00017441009959266957,False
146,0.0029850864197555893,0.0,0.00017441009959266957,False
147,0.0008173827160362634,0.0,0.00017441009959266957,False
148,0.002921481481507726,0.0,0.00017441009959266957,False
149,0.0009726419752951188,0.0,0.00017441009959266957,False
150,0.0004796049382207457,0.0,0.00017441009959266957,False
151,0.0004148148148033215,0.0,0.00017441009959266957,False
152,0.0010907654320817528,0.0,0.00017441009959266957,False
153,0.0010860246913466653,0.0,0.00017441009959266957,False
154,0.0011772839506534183,0.0,0.00017441009959266957,False
155,0.0014510617284031468,0.0,0.00017441009959266957,False
156,0.0009702716049559967,0.0,0.00017441009959266957,False
157,0.0017133827160478177,0.0,0.00017441009959266957,False
158,0.0008007901234350356,0.0,0.00017441009959266957,False
159,0.0006411851852021755,0.0,0.00017441009959266957,False
160,0.0014802962962789934,0.0,0.00017441009959266957,False
161,0.000964740740698744,0.0,0.00017441009959266957,False
162,0.0006917530864143373,0.0,0.00017441009959266957,False
163,0.001133827160515466,0.0,0.00017441009959266957,False
164,0.000670419753078022,0.0,0.00017441009959266957,False
165,0.00037807407409218285,0.0,0.00017441009959266957,False
166,0.0005882469135372048,0.0,0.00017441009959266957,False
167,0.0008450370370383098,0.0,0.00017441009959266957,False
168,0.0009793580247219325,0.0,0.00017441009959266957,False
169,0.0002769382715541724,0.0,0.00017441009959266957,False
170,0.001074172839480525,0.0,0.00017441009959266957,False
171,0.0006581728395076425,0.0,0.00017441009959266957,False
172,0.00146488888890417,0.0,0.00017441009959266957,False
173,0.0006210370370354212,0.0,0.00017441009959266957,False
174,0.0014044444444607507,0.0,0.00017441009959266957,False
175,0.003452839506167038,0.0,0.00017441009959266957,False
176,0.0011057777778091804,0.0,0.00017441009959266957,False
177,0.0008300246913108822,0.0,0.00017441009959266957,False
178,0.0022818765432361943,0.0,0.00017441009959266957,False
179,0.000781037037029364,0.0,0.00017441009959266957,False
180,0.0035203950617415103,0.0,0.00017441009959266957,False
181,0.0008936296296155888,0.0,0.00017441009959266957,False
182,0.0011385679012505534,0.0,0.00017441009959266957,False
183,0.002665876543176182,0.0,0.00017441009959266957,False
184,0.0013961481481601368,0.0,0.00017441009959266957,False
185,0.0014396049382980891,0.0,0.00017441009959266957,False
186,0.0032300246913337105,0.0,0.00017441009959266957,False
187,0.000671604938247583,0.0,0.00017441009959266957,False
188,0.000524246913528259,0.0,0.00017441009959266957,False
189,0.002947950617283368,0.0,0.00017441009959266957,False
190,0.00031446913578747626,0.0,0.00017441009959266957,False
191,0.0011579259258951424,0.0,0.00017441009959266957,False
192,0.0003184197531140853,0.0,0.00017441009959266957,False
193,0.0013116049382801975,0.0,0.00017441009959266957,False
194,0.0008185679012058245,0.0,0.00017441009959266957,False
195,0.0006569876543380815,0.0,0.00017441009959266957,False
196,0.0012203456789734446,0.0,0.00017441009959266957,False
197,0.002861827160472785,0.0,0.00017441009959266957,False
198,0.0008019753086614401,0.0,0.00017441009959266957,False
199,0.00044483950614448986,0.0,0.00017441009959266957,False
200,0.0015557530864498403,0.0,0.00017441009959266957,False
201,0.0004041481481635856,0.0,0.00017441009959266957,False
202,0.0007636543210196578,0.0,0.00017441009959266957,False
203,0.0008813827160452092,0.0,0.00017441009959266957,False
204,0.0011176296296753208,0.0,0.00017441009959266957,False
205,0.0004950123457092559,0.0,0.00017441009959266957,False
206,0.0005179259259193714,0.0,0.00017441009959266957,False
207,0.0006692345678516176,0.0,0.00017441009959266957,False
208,0.0023537777777846713,0.0,0.00017441009959266957,False
209,0.0005929876543291357,0.0,0.00017441009959266957,False
210,0.0005791604938281125,0.0,0.00017441009959266957,False
211,0.0018484938271399187,0.0,0.00017441009959266957,False
212,0.0007561481481275223,0.0,0.00017441009959266957,False
213,0.0005677037037230548,0.0,0.00017441009959266957,False
214,0.0004476049383015379,0.0,0.00017441009959266957,False
215,0.0013617777777312767,0.0,0.00017441009959266957,False
216,0.0005428148148212131,0.0,0.00017441009959266957,False
217,0.0011895308641669544,0.0,0.00017441009959266957,False
218,0.0012128395061381525,0.0,0.00017441009959266957,False
219,0.0006949135802756246,0.0,0.00017441009959266957,False
220,0.0006589629629729643,0.0,0.00017441009959266957,False
221,0.0007537777777315569,0.0,0.00017441009959266957,False
222,0.0007043950617457995,0.0,0.00017441009959266957,False
223,0.0016754567901102746,0.0,0.00017441009959266957,False
224,0.00036187654319519424,0.0,0.00017441009959266957,False
225,0.0003749135802308956,0.0,0.00017441009959266957,False
226,0.00042627160490837923,0.0,0.00017441009959266957,False
227,0.0006253827160662695,0.0,0.00017441009959266957,False
228,0.0006297283950402743,0.0,0.00017441009959266957,False
229,0.0005123950617189621,0.0,0.00017441009959266957,False
230,0.0006806913580135188,0.0,0.00017441009959266957,False
231,0.0004148148148601649,0.0,0.00017441009959266957,False
232,0.0005835061728021174,0.0,0.00017441009959266957,False
233,0.0005771851851932297,0.0,0.00017441009959266957,False
234,0.0017761975308872024,0.0,0.00017441009959266957,False
235,0.0003824197530661877,0.0,0.00017441009959266957,False
236,0.0005831111110978782,0.0,0.00017441009959266957,False
237,0.0003926913580016844,0.0,0.00017441009959266957,False
238,0.0007755061728289547,0.0,0.00017441009959266957,False
239,0.0007367901234829333,0.0,0.00017441009959266957,False
240,0.0010259753086643286,0.0,0.00017441009959266957,False
241,0.000946567901223716,0.0,0.00017441009959266957,False
242,0.001183604938262306,0.0,0.00017441009959266957,False
243,0.0005274074073895463,0.0,0.00017441009959266957,False
244,0.0005376790123818864,0.0,0.00017441009959266957,False
245,0.0006720000000086657,0.0,0.00017441009959266957,False
246,0.0010437530864351174,0.0,0.00017441009959266957,False
247,0.00034488888888972724,0.0,0.00017441009959266957,False
248,0.0013428148148477703,0.0,0.00017441009959266957,False
249,0.0008568888888476067,0.0,0.00017441009959266957,False
250,0.0003749135802308956,0.0,0.00017441009959266957,False
251,0.0018461234568007967,0.0,0.00017441009959266957,False
252,0.0018504691357748015,0.0,0.00017441009959266957,False
253,0.0004815802469124719,0.0,0.00017441009959266957,False
254,0.0021858765432511973,0.0,0.00017441009959266957,False
255,0.0012547160494023046,0.0,0.00017441009959266957,False
256,0.0017947654320664697,0.0,0.00017441009959266957,False
257,0.0003243456790187338,0.0,0.00017441009959266957,False
258,0.0006052345678995152,0.0,0.00017441009959266957,False
259,0.0034563950617325645,0.0,0.00017441009959266957,False
260,0.0007557530864232831,0.0,0.00017441009959266957,False
261,0.0010263703703685678,0.0,0.00017441009959266957,False
262,0.0007332345679174068,0.0,0.00017441009959266957,False
263,0.0009410370370801502,0.0,0.00017441009959266957,False
264,0.0009422222221928678,0.0,0.00017441009959266957,False
265,0.0003184197531140853,0.0,0.00017441009959266957,False
266,0.0005471604938520613,0.0,0.00017441009959266957,False
267,0.0006988641975453902,0.0,0.00017441009959266957,False
268,0.00040217283952870275,0.0,0.00017441009959266957,False
269,0.0013440000000173313,0.0,0.00017441009959266957,False
270,0.001293037037044087,0.0,0.00017441009959266957,False
271,0.0005029135802487872,0.0,0.00017441009959266957,False
272,0.0007948641975303872,0.0,0.00017441009959266957,False
273,0.0010370370370651472,0.0,0.00017441009959266957,False
274,0.0017840987654267337,0.0,0.00017441009959266957,False
275,0.0006245925926009477,0.0,0.00017441009959266957,False
276,0.0014320987654059536,0.0,0.00017441009959266957,False
277,0.0012641975308724795,0.0,0.00017441009959266957,False
278,0.0016406913580340188,0.0,0.00017441009959266957,False
279,0.0019591111110912607,0.0,0.00017441009959266957,False
280,0.0012318024691353457,0.0,0.00017441009959266957,False
281,0.002183901234559471,0.0,0.00017441009959266957,False
282,0.001283555555573912,0.0,0.00017441009959266957,False
283,0.0014091851851389947,0.0,0.00017441009959266957,False
284,0.005346765432079792,0.0,0.00017441009959266957,False
285,0.0017904197530924648,0.0,0.00017441009959266957,False
286,0.005092345679031496,0.0,0.00017441009959266957,False
287,0.0010986666666781275,0.0,0.00017441009959266957,False
288,0.00028997530864671717,0.0,0.00017441009959266957,False
289,0.0003970370370325327,0.0,0.00017441009959266957,False
290,0.0006332839506058008,0.0,0.00017441009959266957,False
291,0.0005436049382865349,0.0,0.00017441009959266957,False
292,0.002113185185180555,0.0,0.00017441009959266957,False
293,0.0018141234568247455,0.0,0.00017441009959266957,False
294,0.0006467160494025848,0.0,0.00017441009959266957,False
295,0.00364404938267171,0.0,0.00017441009959266957,False
296,0.0010046419753280134,0.0,0.00017441009959266957,False
297,0.0005400493827210084,0.0,0.00017441009959266957,False
298,0.0013898271604944057,0.0,0.00017441009959266957,False
299,0.0008711111111097125,0.0,0.00017441009959266957,False
300,0.0005744197530930251,0.0,0.00017441009959266957,False
301,0.0009351111111186583,0.0,0.00017441009959266957,False
302,0.0009473580246890378,0.0,0.00017441009959266957,False
303,0.0007928888888955044,0.0,0.00017441009959266957,False
304,0.000874666666675239,0.0,0.00017441009959266957,False
305,0.0003832098765315095,0.0,0.00018020193060445328,False
306,0.00038439506175791394,0.0,0.00018020193060445328,False
307,0.0030004938271304127,0.0,0.00018020193060445328,False
308,0.0008446419752772272,0.0,0.00018020193060445328,False
309,0.0004799999999818283,0.0,0.00018020193060445328,False
310,0.0003922962962974452,0.0,0.00018020193060445328,False
311,0.0009438024691235114,0.0,0.00018020193060445328,False
312,0.0014826666666749588,0.0,0.00018020193060445328,False
313,0.0019978271604941256,0.0,0.00018020193060445328,False
314,0.001262617283941836,0.0,0.00018020193060445328,False
315,0.0013842962962939964,0.0,0.00018020193060445328,False
316,0.0007541728394926395,0.0,0.00018020193060445328,False
317,0.0011626666666870733,0.0,0.00018020193060445328,False
318,0.0004389135802398414,0.0,0.00018020193060445328,False
319,0.0004867160493517986,0.0,0.00018020193060445328,False
320,0.0012665679012116016,0.0,0.00018020193060445328,False
321,0.0007277037037169976,0.0,0.00018020193060445328,False
322,0.0011946666666631245,0.0,0.00018020193060445328,False
323,0.0003990123456674155,0.0,0.00018020193060445328,False
324,0.000686222222213928,0.0,0.00018020193060445328,False
325,0.0012250864197653755,0.0,0.00018020193060445328,False
326,0.0004491851851753381,0.0,0.00018020193060445328,False
327,0.0013037037037406662,0.0,0.00018020193060445328,False
328,0.0013862716049288792,0.0,0.00018020193060445328,False
329,0.003502617283913878,0.0,0.00018020193060445328,False
330,0.002389333333326249,0.0,0.00018020193060445328,False
331,0.0011468641974943239,0.0,0.00018020193060445328,False
332,0.0008888888888805013,0.0,0.00018020193060445328,False
333,0.001645037037064867,0.0,0.00018020193060445328,False
334,0.0016189629629934643,0.0,0.00018020193060445328,False
335,0.0013487407407524188,0.0,0.00018020193060445328,False
336,0.00043298765433519293,0.0,0.00018020193060445328,False
337,0.0008434567901076662,0.0,0.00018020193060445328,False
338,0.0005866666666634046,0.0,0.00018020193060445328,False
339,0.0010959012345779229,0.0,0.00018020193060445328,False
340,0.0008722962962792735,0.0,0.00018020193060445328,False
341,0.0011330370370501441,0.0,0.00018020193060445328,False
342,0.0009880493827267856,0.0,0.00018020193060445328,False
343,0.0006103703703956853,0.0,0.00018020193060445328,False
344,0.0008695308641790689,0.0,0.00018020193060445328,False
345,0.0014550123456729125,0.0,0.00018020193060445328,False
346,0.0003919012345363626,0.0,0.00018020193060445328,False
347,0.0014289382716015098,0.0,0.00018020193060445328,False
348,0.0008580740740740112,0.0,0.00018020193060445328,False
349,0.0011239506172842084,0.0,0.00018020193060445328,False
350,0.00039545679010188906,0.0,0.00018020193060445328,False
351,0.0008154074074013806,0.0,0.00018020193060445328,False
352,0.0006913580246532547,0.0,0.00018020193060445328,False
353,0.0006885925926098935,0.0,0.00018020193060445328,False
354,0.0012294320987393803,0.0,0.00018020193060445328,False
355,0.0017931851851926695,0.0,0.00018020193060445328,False
356,0.001874962962972404,0.0,0.00018020193060445328,False
357,0.0006451358024719411,0.0,0.00018020193060445328,False
358,0.0019978271604941256,0.0,0.00018020193060445328,False
359,0.0010820740740768997,0.0,0.00018020193060445328,False
360,0.001081283950611578,0.0,0.00018020193060445328,False
361,0.0004997530863874999,0.0,0.00018020193060445328,False
362,0.0014301234567710708,0.0,0.00018020193060445328,False
363,0.000874666666675239,0.0,0.00018020193060445328,False
364,0.0006901728394836937,0.0,0.00018020193060445328,False
365,0.0009639506172902657,0.0,0.00018020193060445328,False
366,0.0003954567901587325,0.0,0.00018020193060445328,False
367,0.0006637037037080518,0.0,0.00018020193060445328,False
368,0.0009710617284213185,0.0,0.00018020193060445328,False
369,0.0011472592592554065,0.0,0.00018020193060445328,False
370,0.0017366913580190158,0.0,0.00018020193060445328,False
371,0.0006581728395076425,0.0,0.00018020193060445328,False
372,0.0006166913580614164,0.0,0.00018020193060445328,False
373,0.0017074567901431692,0.0,0.00018020193060445328,False
374,0.001929481481511175,0.0,0.00018020193060445328,False
375,0.000984493827161259,0.0,0.00018020193060445328,False
376,0.00046538271607232673,0.0,0.00018020193060445328,False
377,0.0009323456790184537,0.0,0.00018020193060445328,False
378,0.00140997530866116,0.0,0.00018020193060445328,False
379,0.0008237037037019945,0.0,0.00018020193060445328,False
380,0.0010662716049409937,0.0,0.00018020193060445328,False
381,0.0007245432098557103,0.0,0.00018020193060445328,False
382,0.0003444938271286446,0.0,0.00018020193060445328,False
383,0.0006000987654033452,0.0,0.00018020193060445328,False
384,0.0026966913580395158,0.0,0.00018020193060445328,False
385,0.0011768888888923357,0.0,0.00018020193060445328,False
386,0.0014107654321264818,0.0,0.00018020193060445328,False
387,0.00044958024693642074,0.0,0.00018020193060445328,False
388,0.0005566419753222362,0.0,0.00018020193060445328,False
389,0.00029708641972092664,0.0,0.00018020193060445328,False
390,0.000630123456801357,0.0,0.00018020193060445328,False
391,0.0010299259259340943,0.0,0.00018020193060445328,False
392,0.00041086419753355585,0.0,0.00018020193060445328,False
393,0.0006103703703956853,0.0,0.00018020193060445328,False
394,0.0020294320987659376,0.0,0.00018020193060445328,False
395,0.0016003950617573537,0.0,0.00018020193060445328,False
396,0.001140148148181197,0.0,0.00018020193060445328,False
397,0.00039387654317124543,0.0,0.00018020193060445328,False
398,0.0005155555555802493,0.0,0.00018020193060445328,False
399,0.000845432098742549,0.0,0.00018020193060445328,False
400,0.0005120000000147229,0.0,0.00018020193060445328,False
401,0.0006482962963332284,0.0,0.00018020193060445328,False
402,0.0011575308641909032,0.0,0.00018020193060445328,False
403,0.0004412839505789634,0.0,0.00018020193060445328,False
404,0.0007308641975214414,0.0,0.00018020193060445328,False
405,0.0005183209876236106,0.0,0.00018020193060445328,False
406,0.0004080987654333512,0.0,0.00018020193060445328,False
407,0.00045195061727554275,0.0,0.00018020193060445328,False
408,0.00037688888892262185,0.0,0.00018020193060445328,False
409,0.0012357530864051114,0.0,0.00018020193060445328,False
410,0.000720197530824862,0.0,0.00018020193060445328,False
411,0.0009607901234289784,0.0,0.00018020193060445328,False
412,0.000582716049393639,0.0,0.00018020193060445328,False
413,0.0009627654320638612,0.0,0.00018020193060445328,False
414,0.0014155061728615692,0.0,0.00018020193060445328,False
415,0.0013471604938217752,0.0,0.00018020193060445328,False
416,0.0010453333333089176,0.0,0.00018020193060445328,False
417,0.0005108148148451619,0.0,0.00018020193060445328,False
418,0.0017931851851926695,0.0,0.00018020193060445328,False
419,0.0013894320987901665,0.0,0.00018020193060445328,False
420,0.0008075061728050059,0.0,0.00018020193060445328,False
421,0.0005538765432220316,0.0,0.00018020193060445328,False
422,0.0007589135802277269,0.0,0.00018020193060445328,False
423,0.0011693827160570436,0.0,0.00018020193060445328,False
424,0.0017477530864198343,0.0,0.00018020193060445328,False
425,0.0007198024691206228,0.0,0.00018020193060445328,False
426,0.0005274074074463897,0.0,0.00018020193060445328,False
427,0.0005270123456853071,0.0,0.00018020193060445328,False
428,0.0003768888888657784,0.0,0.00018020193060445328,False
429,0.0004792098765733499,0.0,0.00018020193060445328,False
430,0.00042666666666946185,0.0,0.00018020193060445328,False
431,0.0006802962963092796,0.0,0.00018020193060445328,False
432,0.0005783703703627907,0.0,0.00018020193060445328,False
433,0.0021167407407460814,0.0,0.00018020193060445328,False
434,0.00037649382716153923,0.0,0.00018020193060445328,False
435,0.0007589135802277269,0.0,0.00018020193060445328,False
436,0.0004780246913469455,0.0,0.00018020193060445328,False
437,0.000324740740722973,0.0,0.00018020193060445328,False
438,0.0009679012345600313,0.0,0.00018020193060445328,False
439,0.0010848395061771043,0.0,0.00018020193060445328,False
440,0.00027219753087592835,0.0,0.00018020193060445328,False
441,0.0004294320987696665,0.0,0.00018020193060445328,False
442,0.0007735308641940719,0.0,0.00018020193060445328,False
443,0.0016825679012413275,0.0,0.00018020193060445328,False
444,0.0004400987654662458,0.0,0.00018020193060445328,False
445,0.0011484444444249675,0.0,0.00018020193060445328,False
446,0.0014245925925706615,0.0,0.00018020193060445328,False
447,0.0007209876542901839,0.0,0.00018020193060445328,False
448,0.0004645925926070049,0.0,0.00018020193060445328,False
449,0.002143999999987045,0.0,0.00018020193060445328,False
450,0.001135012345685027,0.0,0.00018020193060445328,False
451,0.0008367407407376959,0.0,0.00018020193060445328,False
452,0.0008960000000115542,0.0,0.00018020193060445328,False
453,0.0004910617283826468,0.0,0.00018020193060445328,False
454,0.0006182716049352166,0.0,0.00018020193060445328,False
455,0.0010761481481722512,0.0,0.00018020193060445328,False
456,0.001066666666645233,0.0,0.00018020193060445328,False
457,0.00027338271604548936,0.0,0.00018020193060445328,False
458,0.0032825679012375986,0.0,0.00018020193060445328,False
459,0.0007466666667141908,0.0,0.00018020193060445328,False
460,0.0005289876543201899,0.0,0.00018020193060445328,False
461,0.00042429629633033983,0.0,0.00018020193060445328,False
462,0.0009402469136148284,0.0,0.00018020193060445328,False
463,0.0016786172839715618,0.0,0.00018020193060445328,False
464,0.000923259259252518,0.0,0.00018020193060445328,False
465,0.0008225185184755901,0.0,0.00018020193060445328,False
466,0.0019409382715593892,0.0,0.00018020193060445328,False
467,0.001142518518520319,0.0,0.00018020193060445328,False
468,0.002027851851835294,0.0,0.0001805136202834297,False
469,0.0007399506172873771,0.0,0.0001805136202834297,False
470,0.0011429135802245582,0.0,0.0001805136202834297,False
471,0.0009362962963450627,0.0,0.0001805136202834297,False
472,0.0009955555555620776,0.0,0.0001805136202834297,False
473,0.0017019259258859165,0.0,0.0001805136202834297,False
474,0.0005471604938520613,0.0,0.0001805136202834297,False
475,0.001065481481475672,0.0,0.0001805136202834297,False
476,0.000551111111121827,0.0,0.0001805136202834297,False
477,0.0005056790123489918,0.0,0.0001805136202834297,False
478,0.001884444444442579,0.0,0.0001805136202834297,False
479,0.001670320987670948,0.0,0.0001805136202834297,False
480,0.0010883950617426308,0.0,0.0001805136202834297,False
481,0.000606024691364837,0.0,0.0001805136202834297,False
482,0.003188148148126402,0.0,0.0001805136202834297,False
483,0.002204049382669382,0.0,0.0001805136202834297,False
484,0.001309234567884232,0.0,0.0001805136202834297,False
485,0.0017765925925914416,0.0,0.0001805136202834297,False
486,0.00033975308639355717,0.0,0.0001805136202834297,False
487,0.0008608395061742158,0.0,0.0001805136202834297,False
488,0.0006348641975364444,0.0,0.0001805136202834297,False
489,0.0022980740740763395,0.0,0.0001805136202834297,False
490,0.0014763456790092278,0.0,0.0001805136202834297,False
491,0.0012657777778031232,0.0,0.0001805136202834297,False
492,0.000536493827155482,0.0,0.0001805136202834297,False
493,0.0004969876542872953,0.0,0.0001805136202834297,False
494,0.0026856296296386972,0.0,0.0001805136202834297,False
495,0.0016604444444396904,0.0,0.0001805136202834297,False
496,0.0037495308641837255,0.0,0.0001805136202834297,False
497,0.0010808888889073387,0.0,0.0001805136202834297,False
498,0.0004535308642061864,0.0,0.0001805136202834297,False
499,0.00039506172839764986,0.0,0.0001805136202834297,False
500,0.0007913086419648607,0.0,0.0001805136202834297,False
501,0.0013763950616976217,0.0,0.0001805136202834297,False
502,0.0005357037037470036,0.0,0.0001805136202834297,False
503,0.00146488888890417,0.0,0.0001805136202834297,False
504,0.0004325925925741103,0.0,0.0001805136202834297,False
505,0.0005977283950642232,0.0,0.0001805136202834297,False
506,0.0022356543209980373,0.0,0.0001805136202834297,False
507,0.0012005925926246164,0.0,0.0001805136202834297,False
508,0.0008944197530809106,0.0,0.0001805136202834297,False
509,0.0003476543209899319,0.0,0.0001805136202834297,False
510,0.0012460246913974515,0.0,0.0001805136202834297,False
511,0.000999111111127604,0.0,0.0001805136202834297,False
512,0.0005459753086825003,0.0,0.0001805136202834297,False
513,0.0012349629629397896,0.0,0.0001805136202834297,False
514,0.00035279012342925853,0.0,0.0001805136202834297,False
515,0.000991604938292312,0.0,0.0001805136202834297,False
516,0.002285037037040638,0.0,0.0001805136202834297,False
517,0.0021135802469416376,0.0,0.0001805136202834297,False
518,0.0009991111110707607,0.0,0.0001805136202834297,False
519,0.0009734320987604406,0.0,0.0001805136202834297,False
520,0.0007537777777884003,0.0,0.0001805136202834297,False
521,0.0021274074073858174,0.0,0.0001805136202834297,False
522,0.0012685432099033278,0.0,0.0001805136202834297,False
523,0.0014783209876441106,0.0,0.0001805136202834297,False
524,0.0014060246913345509,0.0,0.0001805136202834297,False
525,0.0008754567901405608,0.0,0.0001805136202834297,False
526,0.001536790123452647,0.0,0.0001805136202834297,False
527,0.0023442962963144964,0.0,0.0001805136202834297,False
528,0.003433086419704523,0.0,0.0001805136202834297,False
529,0.0008742716049141563,0.0,0.0001805136202834297,False
530,0.0007506172839839564,0.0,0.0001805136202834297,False
531,0.0007490370370533128,0.0,0.0001805136202834297,False
532,0.0030479012345381307,0.0,0.0001805136202834297,False
533,0.002607407407424489,0.0,0.0001805136202834297,False
534,0.000764049382723897,0.0,0.0001805136202834297,False
535,0.003600197530886362,0.0,0.0001805136202834297,False
536,0.0008015802469003575,0.0,0.0001805136202834297,False
537,0.0018816790123423743,0.0,0.0001805136202834297,False
538,0.0006637037037080518,0.0,0.0001805136202834297,False
539,0.0012788148148388245,0.0,0.0001805136202834297,False
540,0.0033173333333138544,0.0,0.0001805136202834297,False
541,0.0007047901234500387,0.0,0.0001805136202834297,False
542,0.001024395061733685,0.0,0.0001805136202834297,False
543,0.0003488395061594929,0.0,0.0001805136202834297,False
544,0.001888395061769188,0.0,0.0001805136202834297,False
545,0.0008426666666423444,0.0,0.0001805136202834297,False
546,0.0005530864197567098,0.0,0.0001805136202834297,False
547,0.0019535802468908514,0.0,0.0001805136202834297,False
548,0.0011942716049020419,0.0,0.0001805136202834297,False
549,0.0006230123456703041,0.0,0.0001805136202834297,False
550,0.0009801481481304108,0.0,0.0001805136202834297,False
551,0.0004472098765404553,0.0,0.0001805136202834297,False
552,0.0009829135802306155,0.0,0.00018337159938280762,False
553,0.0008027654321267619,0.0,0.00018337159938280762,False
554,0.0006917530864143373,0.0,0.00018337159938280762,False
555,0.0009220740740829569,0.0,0.00018337159938280762,False
556,0.000858864197539333,0.0,0.00018337159938280762,False
557,0.0006281481481096307,0.0,0.00018337159938280762,False
558,0.0007043950617457995,0.0,0.00018337159938280762,False
559,0.0008426666666991878,0.0,0.00018337159938280762,False
560,0.0003488395062163363,0.0,0.00018337159938280762,False
561,0.0003911111110710408,0.0,0.00018337159938280762,False
562,0.0007087407407198043,0.0,0.00018337159938280762,False
563,0.0006601481481425253,0.0,0.00018337159938280762,False
564,0.00041165432094203425,0.0,0.00018337159938280762,False
565,0.0006822716049441624,0.0,0.00018337159938280762,False
566,0.0009050864197774899,0.0,0.00018337159938280762,False
567,0.0010378271604736256,0.0,0.00018337159938280762,False
568,0.0007205925925859447,0.0,0.00018337159938280762,False
569,0.0009489382716196815,0.0,0.00018337159938280762,False
570,0.0009493333333239207,0.0,0.00018337159938280762,False
571,0.0005578271604917973,0.0,0.00018337159938280762,False
572,0.0005455802469214177,0.0,0.00018337159938280762,False
573,0.003492740740739464,0.0,0.00018337159938280762,False
574,0.00039466666669341066,0.0,0.00018337159938280762,False
575,0.0011776790123576575,0.0,0.00018337159938280762,False
576,0.0006881975308488109,0.0,0.00018337159938280762,False
577,0.0007703703703896281,0.0,0.00018337159938280762,False
578,0.0013060740740797883,0.0,0.00018337159938280762,False
579,0.0009651358025166701,0.0,0.00018337159938280762,False
580,0.0008695308641790689,0.0,0.00018337159938280762,False
581,0.000890469135811145,0.0,0.00018337159938280762,False
582,0.002220246913623214,0.0,0.00018337159938280762,False
583,0.0007502222222228738,0.0,0.00018337159938280762,False
584,0.001576691358025073,0.0,0.00018337159938280762,False
585,0.00039466666669341066,0.0,0.00018337159938280762,False
586,0.0014123456790571254,0.0,0.00018337159938280762,False
587,0.0018236049382949204,0.0,0.00018337159938280762,False
588,0.002446222222204142,0.0,0.00018337159938280762,False
589,0.0007237530863903885,0.0,0.00018337159938280762,False
590,0.0011915061728018372,0.0,0.00018337159938280762,False
591,0.00040296296293718115,0.0,0.00018337159938280762,False
592,0.0007719506172634283,0.0,0.00018337159938280762,False
593,0.0012420740740708425,0.0,0.00018337159938280762,False
594,0.00032237037038385097,0.0,0.00018337159938280762,False
595,0.0006455308641761803,0.0,0.00018337159938280762,False
596,0.0006648888888776128,0.0,0.00018337159938280762,False
597,0.0005783703703627907,0.0,0.00018337159938280762,False
598,0.00183071604936913,0.0,0.00018337159938280762,False
599,0.0025276049382796373,0.0,0.00018337159938280762,False
600,0.0008841481481454139,0.0,0.00018337159938280762,False
601,0.0018180740740945112,0.0,0.00018337159938280762,False
602,0.0014719999999783795,0.0,0.00018337159938280762,False
603,0.0008628148148090986,0.0,0.00018337159938280762,False
604,0.0011745185185532137,0.0,0.00018337159938280762,False
605,0.0019061728394831334,0.0,0.00018337159938280762,False
606,0.0012823703703475076,0.0,0.00018337159938280762,False
607,0.0015067654321114787,0.0,0.00018337159938280762,False
608,0.0010386172839389474,0.0,0.00018337159938280762,False
609,0.0019764938271578103,0.0,0.00018337159938280762,False
610,0.0013475555555260144,0.0,0.00018337159938280762,False
611,0.0010145185185024275,0.0,0.00018337159938280762,False
612,0.0010915555555470746,0.0,0.00018337159938280762,False
613,0.0009066666666512901,0.0,0.00018337159938280762,False
614,0.002203654321021986,0.0,0.00018337159938280762,False
615,0.0015743209876291075,0.0,0.00018337159938280762,False
616,0.001071802469141403,0.0,0.00018337159938280762,False
617,0.0005949629629640185,0.0,0.00018337159938280762,False
618,0.0013412345678602833,0.0,0.00018337159938280762,False
619,0.001379555555558909,0.0,0.00018337159938280762,False
620,0.0007122962962853308,0.0,0.00018337159938280762,False
621,0.0008426666666423444,0.0,0.00018337159938280762,False
622,0.0006000987654601886,0.0,0.00018337159938280762,False
623,0.001662024691370334,0.0,0.00018337159938280762,False
624,0.0011523950616947332,0.0,0.00018337159938280762,False
625,0.0008754567901405608,0.0,0.00018337159938280762,False
626,0.0011231604938188866,0.0,0.00018337159938280762,False
627,0.0009445925925888332,0.0,0.00018337159938280762,False
628,0.002365234567889729,0.0,0.00018337159938280762,False
629,0.0017868641975269384,0.0,0.00018337159938280762,False
630,0.0012219259259040882,0.0,0.00018337159938280762,False
631,0.0004717037037380578,0.0,0.00018337159938280762,False
632,0.002065777777772837,0.0,0.00018337159938280762,False
633,0.0005613827160573237,0.0,0.00018337159938280762,False
634,0.0009007407407466417,0.0,0.00018337159938280762,False
635,0.0006569876542812381,0.0,0.00018337159938280762,False
636,0.0012325925926006676,0.0,0.00018337159938280762,False
637,0.0010725925926067248,0.0,0.00018337159938280762,False
638,0.0017540740740855654,0.0,0.00018337159938280762,False
639,0.001174123456792131,0.0,0.00018337159938280762,False
640,0.0008454320987993924,0.0,0.00018337159938280762,False
641,0.0012590617283763095,0.0,0.00018337159938280762,False
642,0.0013957530863990542,0.0,0.00018337159938280762,False
643,0.0014060246913345509,0.0,0.00018337159938280762,False
644,0.0007442962963182254,0.0,0.00018337159938280762,False
645,0.0011006419753130103,0.0,0.00018337159938280762,False
646,0.0007040000000415603,0.0,0.00018337159938280762,False
647,0.0008019753086045966,0.0,0.00018337159938280762,False
648,0.002159802469122951,0.0,0.00018337159938280762,False
649,0.0014897777778060117,0.0,0.00018337159938280762,False
650,0.0006664691358082564,0.0,0.00018337159938280762,False
651,0.0009916049382354686,0.0,0.00018337159938280762,False
652,0.0008659753086135424,0.0,0.00018337159938280762,False
653,0.0005550617283915926,0.0,0.00018337159938280762,False
654,0.0012981728394834136,0.0,0.00018337159938280762,False
655,0.0016075061728315632,0.0,0.00018337159938280762,False
656,0.0005530864197567098,0.0,0.00018337159938280762,False
657,0.0013590123456879155,0.0,0.00018337159938280762,False
658,0.0008225185185324335,0.0,0.00018337159938280762,False
659,0.0012389135802663986,0.0,0.00018337159938280762,False
660,0.0014459259259638202,0.0,0.00018337159938280762,False
661,0.0013680987654538512,0.0,0.00018337159938280762,False
662,0.0007332345679174068,0.0,0.00018337159938280762,False
663,0.0023284938271785904,0.0,0.00018337159938280762,False
664,0.0005507160494175878,0.0,0.00018337159938280762,False
665,0.0009639506172902657,0.0,0.00018337159938280762,False
666,0.0009856790123308201,0.0,0.00018337159938280762,False
667,0.000456296296306391,0.0,0.00018337159938280762,False
668,0.0005645432098617675,0.0,0.00018337159938280762,False
669,0.00061313580249589,0.0,0.00018337159938280762,False
670,0.0013167407407195242,0.0,0.00018337159938280762,False
671,0.0014834567901402806,0.0,0.00018337159938280762,False
672,0.0021285925926122218,0.0,0.00018337159938280762,False
673,0.0007802469135640422,0.0,0.00018337159938280762,False
674,0.0006324938271973224,0.0,0.00018337159938280762,False
675,0.0006767407406869097,0.0,0.00018337159938280762,False
676,0.006026271604980593,0.0,0.00018337159938280762,False
677,0.004313283950637015,0.0,0.00018337159938280762,False
678,0.004116148148114007,0.0,0.00018337159938280762,False
679,0.001498864197515104,0.0,0.00018337159938280762,False
680,0.0011196049382533602,0.0,0.00018337159938280762,False
681,0.00043417283950475394,0.0,0.00018337159938280762,False
682,0.000779851851859803,0.0,0.00018337159938280762,False
683,0.0011421234567592364,0.0,0.00018337159938280762,False
684,0.0008659753086135424,0.0,0.00018337159938280762,False
685,0.0018560000000320542,0.0,0.00018337159938280762,False
686,0.000974617283986845,0.0,0.00018337159938280762,False
687,0.0013914074074250493,0.0,0.00018337159938280762,False
688,0.0029123950617417904,0.0,0.00018337159938280762,False
689,0.000614320987665451,0.0,0.00018337159938280762,False
690,0.0006506666666723504,0.0,0.00018337159938280762,False
691,0.0015340246913524425,0.0,0.00018337159938280762,False
692,0.0006056296296037544,0.0,0.00018337159938280762,False
693,0.0009121975309085428,0.0,0.00018337159938280762,False
694,0.0025011358025039954,0.0,0.00018337159938280762,False
695,0.0006245925926009477,0.0,0.00018337159938280762,False
696,0.0007660246913587798,0.0,0.00018337159938280762,False
697,0.0008726913579835127,0.0,0.00018337159938280762,False
698,0.0007288888888865586,0.0,0.00018337159938280762,False
699,0.000997925925958043,0.0,0.00018337159938280762,False
700,0.0006348641975364444,0.0,0.00018337159938280762,False
701,0.000813827160470737,0.0,0.00018337159938280762,False
702,0.0002836543209809861,0.0,0.00018337159938280762,False
703,0.0005673086420188156,0.0,0.00018337159938280762,False
704,0.0013815308641937918,0.0,0.00018337159938280762,False
705,0.0008805925926367308,0.0,0.00018337159938280762,False
706,0.0008699259259401515,0.0,0.00018337159938280762,False
707,0.001788444444457582,0.0,0.00018337159938280762,False
708,0.0005969382715989013,0.0,0.00018337159938280762,False
709,0.00036345679012583787,0.0,0.00018337159938280762,False
710,0.0016505679012084329,0.0,0.00018337159938280762,False
711,0.0017975308642235177,0.0,0.00018337159938280762,False
712,0.0005266172839242245,0.0,0.00018337159938280762,False
713,0.0012357530864619548,0.0,0.00018337159938280762,False
714,0.00043733333330919777,0.0,0.00018337159938280762,False
715,0.0022107654320961956,0.0,0.00018337159938280762,False
716,0.0008217283950671117,0.0,0.00018337159938280762,False
717,0.0014945185184842558,0.0,0.00018337159938280762,False
718,0.000606024691364837,0.0,0.00018337159938280762,False
719,0.003844345679056005,0.0,0.00018337159938280762,False
720,0.0010943209876472793,0.0,0.00018337159938280762,False
721,0.005572345679013324,0.0,0.00018337159938280762,False
722,0.0018654814815022291,0.0,0.00018337159938280762,False
723,0.0008497777777733972,0.0,0.00018337159938280762,False
724,0.0012732839506384153,0.0,0.00018337159938280762,False
725,0.0029886419753211158,0.0,0.00018337159938280762,False
726,0.001010962962936901,0.0,0.00018337159938280762,False
727,0.000945382716054155,0.0,0.00018337159938280762,False
728,0.0015103209876770052,0.0,0.00018337159938280762,False
729,0.0004468148148362161,0.0,0.00018337159938280762,False
730,0.001018074074067954,0.0,0.00018337159938280762,False
731,0.0016331851851418833,0.0,0.00018337159938280762,False
732,0.003286123456803125,0.0,0.00018337159938280762,False
733,0.00114370370368988,0.0,0.00018337159938280762,False
734,0.002420938271598061,0.0,0.00018337159938280762,False
735,0.0010923456790123964,0.0,0.00018337159938280762,False
736,0.00039506172839764986,0.0,0.00018337159938280762,False
737,0.0007731358024898327,0.0,0.00018337159938280762,False
738,0.0012041481481332994,0.0,0.00018337159938280762,False
739,0.001541135802426652,0.0,0.00018337159938280762,False
740,0.0017062716049736082,0.0,0.00018337159938280762,False
741,0.0008758518519016434,0.0,0.00018337159938280762,False
742,0.00039269135805852784,0.0,0.00018337159938280762,False
743,0.000551111111121827,0.0,0.00018337159938280762,False
744,0.0007984197530959136,0.0,0.00018337159938280762,False
745,0.0005337283950552774,0.0,0.00018337159938280762,False
746,0.002930962962977901,0.0,0.00018337159938280762,False
747,0.003039209876590121,0.0,0.00018337159938280762,False
748,0.001023209876564124,0.0,0.00018337159938280762,False
749,0.0007051851852111213,0.0,0.00018337159938280762,False
750,0.0021191111110852034,0.0,0.00018337159938280762,False
751,0.0008181728395015853,0.0,0.00018337159938280762,False
752,0.0008632098765701812,0.0,0.00018337159938280762,False
753,0.001243259259297247,0.0,0.00018337159938280762,False
754,0.0006475061728110632,0.0,0.00018337159938280762,False
755,0.0007581234567624051,0.0,0.00018337159938280762,False
756,0.003349333333346749,0.0,0.00018337159938280762,False
757,0.001378370370389348,0.0,0.00018337159938280762,False
758,0.0017121975308782567,0.0,0.00018337159938280762,False
759,0.000602074074038228,0.0,0.00018337159938280762,False
760,0.0011784691357661359,0.0,0.00018337159938280762,False
761,0.001223901234538971,0.0,0.00018337159938280762,False
762,0.0009347160494144191,0.0,0.00018337159938280762,False
763,0.0012365432098704332,0.0,0.00018337159938280762,False
764,0.0007940740740650654,0.0,0.00018337159938280762,False
765,0.0019322469136113796,0.0,0.00018337159938280762,False
766,0.0012973827160749352,0.0,0.00018337159938280762,False
767,0.0014866172839447245,0.0,0.00018337159938280762,False
768,0.0003729382715960128,0.0,0.00018337159938280762,False
769,0.0014095802469000773,0.0,0.00018337159938280762,False
770,0.0006451358024719411,0.0,0.00018337159938280762,False
771,0.0005151604938191667,0.0,0.00018337159938280762,False
772,0.00035990123461715484,0.0,0.00018337159938280762,False
773,0.00044444444444025066,0.0,0.00018337159938280762,False
774,0.0020152098765038318,0.0,0.00018337159938280762,False
775,0.0005424197530601305,0.0,0.00018337159938280762,False
776,0.0004408888888747242,0.0,0.00018337159938280762,False
777,0.0012100740740947913,0.0,0.00018337159938280762,False
778,0.0026374320987656574,0.0,0.00018337159938280762,False
779,0.0009837037036959373,0.0,0.00018337159938280762,False
780,0.0004811851851513893,0.0,0.00018337159938280762,False
781,0.00042745679013478366,0.0,0.00018337159938280762,False
782,0.0020851358024742694,0.0,0.00018337159938280762,False
783,0.00036148148149095505,0.0,0.00018337159938280762,False
784,0.0007411358025137815,0.0,0.00018337159938280762,False
785,0.0007427160493875817,0.0,0.00018337159938280762,False
786,0.0010334814814996207,0.0,0.00018337159938280762,False
787,0.0003887407407319188,0.0,0.00018337159938280762,False
788,0.003176691358021344,0.0,0.00018337159938280762,False
789,0.0009718518518297969,0.0,0.00018337159938280762,False
790,0.002268049382735171,0.0,0.00018337159938280762,False
791,0.001345580246947975,0.0,0.00018337159938280762,False
792,0.0006079999999997199,0.0,0.00018337159938280762,False
793,0.0009066666666512901,0.0,0.00018337159938280762,False
794,0.0004906666666784076,0.0,0.00018337159938280762,False
795,0.001048888888874444,0.0,0.00018337159938280762,False
796,0.0013234567900894945,0.0,0.00018337159938280762,False
797,0.0014846419753098417,0.0,0.00018337159938280762,False
798,0.00038795061726659696,0.0,0.00018337159938280762,False
799,0.0009671111110947095,0.0,0.00018337159938280762,False
800,0.0007525925926188393,0.0,0.00018337159938280762,False
801,0.0006356543210017662,0.0,0.00018337159938280762,False
802,0.000278518518484816,0.0,0.00018337159938280762,False
803,0.0012547160494023046,0.0,0.00018337159938280762,False
804,0.0005167407407498104,0.0,0.00018337159938280762,False
805,0.002113975308645877,0.0,0.00018337159938280762,False
806,0.00033738271599759173,0.0,0.00018337159938280762,False
807,0.0012207407407345272,0.0,0.00018337159938280762,False
808,0.0009181234568131913,0.0,0.00018337159938280762,False
809,0.001400493827190985,0.0,0.00018337159938280762,False
810,0.0006897777777794545,0.0,0.00018337159938280762,False
811,0.0004930370370743731,0.0,0.00018337159938280762,False
812,0.0006079999999997199,0.0,0.00018337159938280762,False
813,0.000647111111106824,0.0,0.00018337159938280762,False
814,0.0009501234567892425,0.0,0.00018337159938280762,False
815,0.0008213333333628725,0.0,0.00018337159938280762,False
816,0.0007411358025137815,0.0,0.00018337159938280762,False
817,0.0010461234567742395,0.0,0.00018337159938280762,False
818,0.0006178765432309774,0.0,0.00018337159938280762,False
819,0.0013305679012205474,0.0,0.00018337159938280762,False
820,0.0008075061728618493,0.0,0.00018337159938280762,False
821,0.0007747160493636329,0.0,0.00018337159938280762,False
822,0.002576592592617999,0.0,0.00018337159938280762,False
823,0.001591308641991418,0.0,0.00018337159938280762,False
824,0.0009327407407226929,0.0,0.00018337159938280762,False
825,0.003363950617313094,0.0,0.00018337159938280762,False
826,0.001199407407398212,0.0,0.00018337159938280762,False
827,0.0024414814814690544,0.0,0.00018337159938280762,False
828,0.0010959012345779229,0.0,0.00018337159938280762,False
829,0.0011654320987304345,0.0,0.00018337159938280762,False
830,0.0010935308642388009,0.0,0.00018337159938280762,False
831,0.0011117037037138289,0.0,0.00018337159938280762,False
832,0.0008782222222407654,0.0,0.00018337159938280762,False
833,0.000519506172850015,0.0,0.00018337159938280762,False
834,0.0010315061728647379,0.0,0.00018337159938280762,False
835,0.00044286419756645046,0.0,0.00018337159938280762,False
836,0.001293037037044087,0.0,0.00018337159938280762,False
837,0.0027780740740581678,0.0,0.00018337159938280762,False
838,0.000985283950626581,0.0,0.00018337159938280762,False
839,0.002650074074040276,0.0,0.00018337159938280762,False
840,0.0008659753086135424,0.0,0.00018337159938280762,False
841,0.0008197530864322289,0.0,0.00018337159938280762,False
842,0.0002919506172816,0.0,0.00018337159938280762,False
843,0.001948839506155764,0.0,0.00018337159938280762,False
844,0.0008272592592106776,0.0,0.00018337159938280762,False
845,0.0004559012345453084,0.0,0.00018337159938280762,False
846,0.0005530864197567098,0.0,0.00018337159938280762,False
847,0.0005534814815177924,0.0,0.00018337159938280762,False
848,0.0006613333333120863,0.0,0.00018337159938280762,False
849,0.001166617283956839,0.0,0.00018337159938280762,False
850,0.0008782222222407654,0.0,0.00018337159938280762,False
851,0.0010844444444160217,0.0,0.00018337159938280762,False
852,0.0012377283950968376,0.0,0.00018337159938280762,False
853,0.000521876543189137,0.0,0.00018337159938280762,False
854,0.0009303703703835708,0.0,0.00018337159938280762,False
855,0.0004958024691745777,0.0,0.00018337159938280762,False
856,0.0008778271604796828,0.0,0.00018337159938280762,False
857,0.0005234567901197806,0.0,0.00018337159938280762,False
858,0.0007277037037169976,0.0,0.00018337159938280762,False
859,0.0011144691358140335,0.0,0.00018337159938280762,False
860,0.0011737283950310484,0.0,0.00018337159938280762,False
861,0.0016003950617573537,0.0,0.00018337159938280762,False
862,0.0007743209876593937,0.0,0.00018337159938280762,False
863,0.0004981728395136997,0.0,0.00018337159938280762,False
864,0.0019602962962608217,0.0,0.00018337159938280762,False
865,0.0009528888888894471,0.0,0.00018337159938280762,False
866,0.0005412345678905695,0.0,0.00018337159938280762,False
867,0.0009398518518537458,0.0,0.00018337159938280762,False
868,0.0004491851851753381,0.0,0.00018337159938280762,False
869,0.0005167407406929669,0.0,0.00018337159938280762,False
870,0.0007877530864561777,0.0,0.00018337159938280762,False
871,0.001846913580209275,0.0,0.00018337159938280762,False
872,0.0005021234567834654,0.0,0.00018337159938280762,False
873,0.0027243456789847187,0.0,0.00018337159938280762,False
874,0.0020894814814482743,0.0,0.00018337159938280762,False
875,0.0003800493827270657,0.0,0.00018337159938280762,False
876,0.0008766419753101218,0.0,0.00018337159938280762,False
877,0.0016592592592701294,0.0,0.00018337159938280762,False
878,0.0003895308641972406,0.0,0.00018337159938280762,False
879,0.0010247901234947676,0.0,0.00018337159938280762,False
880,0.0009264197531138052,0.0,0.00018337159938280762,False
881,0.0006972839506147466,0.0,0.00018337159938280762,False
882,0.0005894320987636092,0.0,0.00018337159938280762,False
883,0.0005767901234321471,0.0,0.00018337159938280762,False
884,0.0006743703703477877,0.0,0.00018337159938280762,False
885,0.0014838518518445198,0.0,0.00018337159938280762,False
886,0.0008079012345660885,0.0,0.00018337159938280762,False
887,0.0011128888888833899,0.0,0.00018337159938280762,False
888,0.0037396543210093114,0.0,0.00018337159938280762,False
889,0.0007901234567384563,0.0,0.00018337159938280762,False
890,0.0006427654320759757,0.0,0.00018337159938280762,False
891,0.001364938271592564,0.0,0.00018337159938280762,False
892,0.00039506172839764986,0.0,0.00018337159938280762,False
893,0.0010919506172513138,0.0,0.00018337159938280762,False
894,0.00037056790125689076,0.0,0.00018337159938280762,False
895,0.0018627160494020245,0.0,0.00018337159938280762,False
896,0.0003954567901587325,0.0,0.00018337159938280762,False
897,0.0006901728394836937,0.0,0.00018337159938280762,False
898,0.0005179259259193714,0.0,0.00018337159938280762,False
899,0.000308938271587067,0.0,0.00018337159938280762,False
900,0.0005870617283676438,0.0,0.00018337159938280762,False
901,0.0005475555555563005,0.0,0.00018337159938280762,False
902,0.0004973827160483779,0.0,0.00018337159938280762,False
903,0.0002828641975725077,0.0,0.00018337159938280762,False
904,0.0016667654321054215,0.0,0.00018337159938280762,False
905,0.0007071604938460041,0.0,0.00018337159938280762,False
906,0.00033935802468931797,0.0,0.00018337159938280762,False
907,0.00043259259263095373,0.0,0.00018337159938280762,False
908,0.001041382716039152,0.0,0.00018337159938280762,False
909,0.0026966913580395158,0.0,0.00018337159938280762,False
910,0.0005376790123818864,0.0,0.00018337159938280762,False
911,0.0004969876542872953,0.0,0.00018337159938280762,False
912,0.0005317530864203945,0.0,0.00018337159938280762,False
913,0.0002836543209809861,0.0,0.00018337159938280762,False
914,0.001631604938268083,0.0,0.00018337159938280762,False
915,0.0007984197530959136,0.0,0.00018337159938280762,False
916,0.0016655802469358605,0.0,0.00018337159938280762,False
917,0.0008438518518119054,0.0,0.00018337159938280762,False
918,0.0008715061728139517,0.0,0.00018337159938280762,False
919,0.0017208888889399532,0.0,0.00018337159938280762,False
920,0.0015111111110854836,0.0,0.00018337159938280762,False
921,0.0009540740740590081,0.0,0.00018337159938280762,False
922,0.000798024691334831,0.0,0.00018337159938280762,False
923,0.00041837037036884794,0.0,0.00018337159938280762,False
924,0.0004981728395136997,0.0,0.00018337159938280762,False
925,0.0013914074074250493,0.0,0.00018337159938280762,False
926,0.0009121975308516994,0.0,0.00018337159938280762,False
927,0.0006514567901376722,0.0,0.00018337159938280762,False
928,0.0005993086419948668,0.0,0.00018337159938280762,False
929,0.0006202469135700994,0.0,0.00018337159938280762,False
930,0.002087901234574474,0.0,0.00018337159938280762,False
931,0.0009829135802306155,0.0,0.00018337159938280762,False
932,0.00044958024693642074,0.0,0.00018337159938280762,False
933,0.00213293827164307,0.0,0.00018337159938280762,False
934,0.0006400000000326145,0.0,0.00018337159938280762,False
935,0.0014960987654148994,0.0,0.00018337159938280762,False
936,0.0004803950617429109,0.0,0.00018337159938280762,False
937,0.0017430123456847468,0.0,0.00018337159938280762,False
938,0.0016118518518624114,0.0,0.00018337159938280762,False
939,0.0007107160493546871,0.0,0.00018337159938280762,False
940,0.0013392592592822439,0.0,0.00018337159938280762,False
941,0.0012254814814696147,0.0,0.00018337159938280762,False
942,0.0011354074073892662,0.0,0.00018337159938280762,False
943,0.000532938271646799,0.0,0.00018337159938280762,False
944,0.0004231111111039354,0.0,0.00018337159938280762,False
945,0.001074172839480525,0.0,0.00018337159938280762,False
946,0.0005337283950552774,0.0,0.00018337159938280762,False
947,0.0004997530864443434,0.0,0.00018337159938280762,False
948,0.000549925925952266,0.0,0.00018337159938280762,False
949,0.0003887407407319188,0.0,0.00018337159938280762,False
950,0.001024395061733685,0.0,0.00018337159938280762,False
951,0.0019543703704130166,0.0,0.00018337159938280762,False
952,0.0018141234568247455,0.0,0.00018337159938280762,False
953,0.0011638518518566343,0.0,0.00018337159938280762,False
954,0.0014957037037106602,0.0,0.00018337159938280762,False
955,0.0005033086419530264,0.0,0.00018337159938280762,False
956,0.0019472592592819638,0.0,0.00018337159938280762,False
957,0.0016719012345447481,0.0,0.00018337159938280762,False
958,0.0004397037037051632,0.0,0.00018337159938280762,False
959,0.0005807407407587561,0.0,0.00018337159938280762,False
960,0.0011247407406926868,0.0,0.00018337159938280762,False
961,0.0008604444444131332,0.0,0.00018337159938280762,False
962,0.0011334320987543833,0.0,0.00018337159938280762,False
963,0.0013977283950907804,0.0,0.00018337159938280762,False
964,0.0006178765432309774,0.0,0.00018337159938280762,False
965,0.0024244938271635874,0.0,0.00018337159938280762,False
966,0.0005921975308638139,0.0,0.00018337159938280762,False
967,0.0015600987654238452,0.0,0.00018337159938280762,False
968,0.0021052839506410237,0.0,0.00018337159938280762,False
969,0.000890469135811145,0.0,0.00018337159938280762,False
970,0.0014909629629755727,0.0,0.00018337159938280762,False
971,0.0009829135802306155,0.0,0.00018337159938280762,False
972,0.0005530864196998664,0.0,0.00018337159938280762,False
973,0.0014822716049138762,0.0,0.00018337159938280762,False
974,0.0011626666666302299,0.0,0.00018337159938280762,False
975,0.0013898271604944057,0.0,0.00018337159938280762,False
976,0.000730074074112963,0.0,0.00018337159938280762,False
977,0.002247111111103095,0.0,0.00018337159938280762,False
978,0.0005009382716139044,0.0,0.00018337159938280762,False
979,0.0007261234567863539,0.0,0.00018337159938280762,False
980,0.0014202469135966567,0.0,0.00018337159938280762,False
981,0.0013720493827236169,0.0,0.00018337159938280762,False
982,0.000630123456801357,0.0,0.00018337159938280762,False
983,0.001396543209864376,0.0,0.00018337159938280762,False
984,0.0006443456790066193,0.0,0.00018337159938280762,False
985,0.0005471604937952179,0.0,0.00018337159938280762,False
986,0.0005436049382296915,0.0,0.00018337159938280762,False
987,0.0009355061728228975,0.0,0.00018337159938280762,False
988,0.0005222716048933762,0.0,0.00018337159938280762,False
989,0.0007288888888865586,0.0,0.00018337159938280762,False
990,0.003209086419758478,0.0,0.00018337159938280762,False
991,0.0004420740740442852,0.0,0.00018337159938280762,False
992,0.0015893333333565351,0.0,0.00018337159938280762,False
993,0.0011717530863961656,0.0,0.00018337159938280762,False
994,0.004620246913532355,0.0,0.00018337159938280762,False
995,0.0026382222222309792,0.0,0.00018337159938280762,False
996,0.002272395061709176,0.0,0.00018337159938280762,False
997,0.0011591111110647034,0.0,0.00018337159938280762,False
998,0.0013329382716165128,0.0,0.00018337159938280762,False
999,0.001042567901208713,0.0,0.00018337159938280762,False
1000,0.000664098765412291,0.0,0.00018337159938280762,False
